681390669
1623122452
-387846703
-1012822404
-150586301
1984226968
-213716841
-650593004
-92669419
-76185330
-1756320318
-2118789099
-1570995733
-34654827
-1916516918
-55107432
24648218
-1820108881
77229720
1764645886
549086639
-1745899477
-416164653
-1692121403
1801265118
742818296
-494200814
-121552842
1139168579
-948534973
-1926621400
-451752919
1921540850
-1202087071
-1374238490
616790853
907593547
-2099355216
-191529066
-1798717891
-25122500
-336028461
935130958
-661596956
-1934586923
-1487670447
315812113
-681414094
1366798071
1336687010
-1873381747
1189008200
-65337695
-1853247289
1266931110
1662127758
-668531664
-1630349621
-1994314915
1106876308
-366110352
-178494260
-1398478709
-1294916563
1526158269
-787568559
-394868252
-3956036
40669671
410515612
-1264629165
1744348386
-929236623
2006042145
-1399748163
-1667077641
-1661831164
1209373234
-1159143951
1105581698
-540019162
1634156708
-1295592374
904378530
91945390
1266952776
-140178672
852940774
1469975649
-1443876682
-550057354
1295684008
-129290055
-1420283047
-2000957691
1696775389
1373607473
808258053
55
