568050833
1470893464
-1185547960
-1940836073
1141972461
1313486032
1939295033
-1961672901
-594940378
350424542
-606075569
-1245152110
-1018776305
-1473654296
-1747590055
853974956
2064339314
1413801247
1622869081
1745847962
784937840
-1551347907
404597467
1221029875
-976146202
-43618245
-809651133
-658863831
353301621
292545927
-1908087309
-1730363857
-224101260
-1228319307
1792295385
-1629080598
-462969908
433430484
803388416
-2089680223
747546974
2085135619
-782867253
-1356621395
-1918976480
1303445105
19653736
-460287534
-1831416869
-1963971445
-2107312522
-295825125
-829538529
1467206192
-372965872
-1954410656
-1198211438
-830852465
-1286367491
592586508
264870664
-1058481918
-741065058
-147140032
-576354033
-1412713376
1148227294
-1581497147
173025971
915785611
-457399195
-2020819973
-1810776028
629115750
-438710332
86972242
120564559
1629515079
-1405811521
-1143993750
-1299939258
-1993392955
556099201
824770086
-1038338554
1240014640
-1108627192
101252233
-1945794318
985170353
-75802221
33267907
108487627
-112745408
2048922565
447008052
-528840046
-1322008527
19
