ParamSet	Number of demes	Num Sampled Pops	Est. Fst	Sample Size	Model	Loci
1	100	100	0.2	50	0	4000
2	75	75	0.2	50	0	4000
3	50	50	0.2	50	0	4000
4	25	25	0.2	50	0	4000
5	10	10	0.2	50	0	4000
6	100	75	0.2	50	0	4000
7	75	56	0.2	50	0	4000
8	50	38	0.2	50	0	4000
9	25	19	0.2	50	0	4000
10	10	8	0.2	50	0	4000
11	100	50	0.2	50	0	4000
12	75	38	0.2	50	0	4000
13	50	25	0.2	50	0	4000
14	25	13	0.2	50	0	4000
15	10	5	0.2	50	0	4000
16	100	25	0.2	50	0	4000
17	75	19	0.2	50	0	4000
18	50	13	0.2	50	0	4000
19	25	6	0.2	50	0	4000
20	10	3	0.2	50	0	4000
21	100	10	0.2	50	0	4000
22	75	8	0.2	50	0	4000
23	50	5	0.2	50	0	4000
24	25	3	0.2	50	0	4000
25	10	1	0.2	50	0	4000
26	100	100	0.2	50	1	4000
27	75	75	0.2	50	1	4000
28	50	50	0.2	50	1	4000
29	25	25	0.2	50	1	4000
30	10	10	0.2	50	1	4000
31	100	75	0.2	50	1	4000
32	75	56	0.2	50	1	4000
33	50	38	0.2	50	1	4000
34	25	19	0.2	50	1	4000
35	10	8	0.2	50	1	4000
36	100	50	0.2	50	1	4000
37	75	38	0.2	50	1	4000
38	50	25	0.2	50	1	4000
39	25	13	0.2	50	1	4000
40	10	5	0.2	50	1	4000
41	100	25	0.2	50	1	4000
42	75	19	0.2	50	1	4000
43	50	13	0.2	50	1	4000
44	25	6	0.2	50	1	4000
45	10	3	0.2	50	1	4000
46	100	10	0.2	50	1	4000
47	75	8	0.2	50	1	4000
48	50	5	0.2	50	1	4000
49	25	3	0.2	50	1	4000
50	10	1	0.2	50	1	4000
51	100	100	0.4	50	0	4000
52	75	75	0.4	50	0	4000
53	50	50	0.4	50	0	4000
54	25	25	0.4	50	0	4000
55	10	10	0.4	50	0	4000
56	100	75	0.4	50	0	4000
57	75	56	0.4	50	0	4000
58	50	38	0.4	50	0	4000
59	25	19	0.4	50	0	4000
60	10	8	0.4	50	0	4000
61	100	50	0.4	50	0	4000
62	75	38	0.4	50	0	4000
63	50	25	0.4	50	0	4000
64	25	13	0.4	50	0	4000
65	10	5	0.4	50	0	4000
66	100	25	0.4	50	0	4000
67	75	19	0.4	50	0	4000
68	50	13	0.4	50	0	4000
69	25	6	0.4	50	0	4000
70	10	3	0.4	50	0	4000
71	100	10	0.4	50	0	4000
72	75	8	0.4	50	0	4000
73	50	5	0.4	50	0	4000
74	25	3	0.4	50	0	4000
75	10	1	0.4	50	0	4000
76	100	100	0.4	50	1	4000
77	75	75	0.4	50	1	4000
78	50	50	0.4	50	1	4000
79	25	25	0.4	50	1	4000
80	10	10	0.4	50	1	4000
81	100	75	0.4	50	1	4000
82	75	56	0.4	50	1	4000
83	50	38	0.4	50	1	4000
84	25	19	0.4	50	1	4000
85	10	8	0.4	50	1	4000
86	100	50	0.4	50	1	4000
87	75	38	0.4	50	1	4000
88	50	25	0.4	50	1	4000
89	25	13	0.4	50	1	4000
90	10	5	0.4	50	1	4000
91	100	25	0.4	50	1	4000
92	75	19	0.4	50	1	4000
93	50	13	0.4	50	1	4000
94	25	6	0.4	50	1	4000
95	10	3	0.4	50	1	4000
96	100	10	0.4	50	1	4000
97	75	8	0.4	50	1	4000
98	50	5	0.4	50	1	4000
99	25	3	0.4	50	1	4000
100	10	1	0.4	50	1	4000
101	100	100	0.6	50	0	4000
102	75	75	0.6	50	0	4000
103	50	50	0.6	50	0	4000
104	25	25	0.6	50	0	4000
105	10	10	0.6	50	0	4000
106	100	75	0.6	50	0	4000
107	75	56	0.6	50	0	4000
108	50	38	0.6	50	0	4000
109	25	19	0.6	50	0	4000
110	10	8	0.6	50	0	4000
111	100	50	0.6	50	0	4000
112	75	38	0.6	50	0	4000
113	50	25	0.6	50	0	4000
114	25	13	0.6	50	0	4000
115	10	5	0.6	50	0	4000
116	100	25	0.6	50	0	4000
117	75	19	0.6	50	0	4000
118	50	13	0.6	50	0	4000
119	25	6	0.6	50	0	4000
120	10	3	0.6	50	0	4000
121	100	10	0.6	50	0	4000
122	75	8	0.6	50	0	4000
123	50	5	0.6	50	0	4000
124	25	3	0.6	50	0	4000
125	10	1	0.6	50	0	4000
126	100	100	0.6	50	1	4000
127	75	75	0.6	50	1	4000
128	50	50	0.6	50	1	4000
129	25	25	0.6	50	1	4000
130	10	10	0.6	50	1	4000
131	100	75	0.6	50	1	4000
132	75	56	0.6	50	1	4000
133	50	38	0.6	50	1	4000
134	25	19	0.6	50	1	4000
135	10	8	0.6	50	1	4000
136	100	50	0.6	50	1	4000
137	75	38	0.6	50	1	4000
138	50	25	0.6	50	1	4000
139	25	13	0.6	50	1	4000
140	10	5	0.6	50	1	4000
141	100	25	0.6	50	1	4000
142	75	19	0.6	50	1	4000
143	50	13	0.6	50	1	4000
144	25	6	0.6	50	1	4000
145	10	3	0.6	50	1	4000
146	100	10	0.6	50	1	4000
147	75	8	0.6	50	1	4000
148	50	5	0.6	50	1	4000
149	25	3	0.6	50	1	4000
150	10	1	0.6	50	1	4000
151	100	100	0.8	50	0	4000
152	75	75	0.8	50	0	4000
153	50	50	0.8	50	0	4000
154	25	25	0.8	50	0	4000
155	10	10	0.8	50	0	4000
156	100	75	0.8	50	0	4000
157	75	56	0.8	50	0	4000
158	50	38	0.8	50	0	4000
159	25	19	0.8	50	0	4000
160	10	8	0.8	50	0	4000
161	100	50	0.8	50	0	4000
162	75	38	0.8	50	0	4000
163	50	25	0.8	50	0	4000
164	25	13	0.8	50	0	4000
165	10	5	0.8	50	0	4000
166	100	25	0.8	50	0	4000
167	75	19	0.8	50	0	4000
168	50	13	0.8	50	0	4000
169	25	6	0.8	50	0	4000
170	10	3	0.8	50	0	4000
171	100	10	0.8	50	0	4000
172	75	8	0.8	50	0	4000
173	50	5	0.8	50	0	4000
174	25	3	0.8	50	0	4000
175	10	1	0.8	50	0	4000
176	100	100	0.8	50	1	4000
177	75	75	0.8	50	1	4000
178	50	50	0.8	50	1	4000
179	25	25	0.8	50	1	4000
180	10	10	0.8	50	1	4000
181	100	75	0.8	50	1	4000
182	75	56	0.8	50	1	4000
183	50	38	0.8	50	1	4000
184	25	19	0.8	50	1	4000
185	10	8	0.8	50	1	4000
186	100	50	0.8	50	1	4000
187	75	38	0.8	50	1	4000
188	50	25	0.8	50	1	4000
189	25	13	0.8	50	1	4000
190	10	5	0.8	50	1	4000
191	100	25	0.8	50	1	4000
192	75	19	0.8	50	1	4000
193	50	13	0.8	50	1	4000
194	25	6	0.8	50	1	4000
195	10	3	0.8	50	1	4000
196	100	10	0.8	50	1	4000
197	75	8	0.8	50	1	4000
198	50	5	0.8	50	1	4000
199	25	3	0.8	50	1	4000
200	10	1	0.8	50	1	4000
