pbar	Ht	Hs	WrightsFst	WCFst	WCFstSimple	avgp
0.1	0.161665	0.124125	0.232207	0.117139	0.208553	0.0887
0.1	0.184623	0.129733	0.297309	0.149931	0.304945	0.1029
0.1	0.185734	0.148747	0.19914	0.100475	0.205484	0.1036
0.1	0.144507	0.114159	0.21001	0.105953	0.168599	0.0784
0.1	0.1615	0.134394	0.167839	0.0846956	0.150589	0.0886
0.1	0.150803	0.119483	0.20769	0.104784	0.174001	0.08215
0.1	0.131918	0.102208	0.225216	0.113616	0.165056	0.071
0.1	0.15097	0.117001	0.225008	0.113511	0.188719	0.08225
0.1	0.168458	0.124708	0.259705	0.130992	0.243051	0.09285
0.1	0.190001	0.141806	0.253655	0.127945	0.267748	0.1063
0.1	0.149129	0.106769	0.284054	0.143256	0.235338	0.08115
0.1	0.133803	0.106409	0.204735	0.103295	0.15219	0.0721
0.1	0.162569	0.121507	0.252584	0.127405	0.228124	0.08925
0.1	0.12606	0.093167	0.260934	0.131611	0.182742	0.0676
0.1	0.122072	0.103512	0.15204	0.076729	0.10311	0.0653
0.1	0.147032	0.114541	0.220979	0.111481	0.180505	0.0799
0.1	0.139769	0.116462	0.166755	0.084149	0.129485	0.0756
0.1	0.141973	0.110174	0.223978	0.112992	0.17666	0.0769
0.1	0.121898	0.094746	0.222743	0.11237	0.150844	0.0652
0.1	0.149129	0.11949	0.198753	0.100279	0.164666	0.08115
0.1	0.146275	0.113207	0.226066	0.114045	0.183711	0.07945
0.1	0.134231	0.100969	0.2478	0.124995	0.184791	0.07235
0.1	0.153638	0.122206	0.20459	0.103222	0.174627	0.08385
0.1	0.14871	0.119416	0.196989	0.0993908	0.162747	0.0809
0.1	0.178879	0.133173	0.255514	0.128881	0.253922	0.0993
0.1	0.157787	0.122267	0.225112	0.113564	0.197333	0.08635
0.1	0.12977	0.10577	0.184946	0.0933197	0.133335	0.06975
0.1	0.175343	0.141134	0.195098	0.0984376	0.190051	0.0971
0.1	0.140194	0.114391	0.184046	0.0928662	0.143345	0.07585
0.1	0.157291	0.117577	0.25249	0.127358	0.220635	0.08605
0.1	0.134915	0.111594	0.17286	0.0872268	0.129563	0.07275
0.1	0.155965	0.121538	0.220738	0.11136	0.191263	0.08525
0.1	0.114207	0.092239	0.192351	0.0970524	0.122043	0.0608
0.1	0.132518	0.104986	0.207766	0.104823	0.15296	0.07135
0.1	0.189843	0.140509	0.259868	0.131074	0.274078	0.1062
0.1	0.123288	0.094813	0.230963	0.116512	0.158194	0.066
0.1	0.182236	0.146014	0.198765	0.100285	0.201234	0.1014
0.1	0.132261	0.103218	0.219589	0.110781	0.161351	0.0712
0.1	0.142227	0.114487	0.195042	0.0984089	0.154112	0.07705
0.1	0.167561	0.137773	0.177776	0.0897054	0.165491	0.0923
0.1	0.154054	0.10914	0.291549	0.14703	0.249524	0.0841
0.1	0.134316	0.116186	0.134983	0.0681269	0.100725	0.0724
0.1	0.154636	0.121782	0.212465	0.107191	0.182527	0.08445
0.1	0.166746	0.126413	0.241881	0.122013	0.22407	0.0918
0.1	0.145939	0.114912	0.212605	0.107261	0.172374	0.07925
0.1	0.119372	0.0949435	0.204641	0.103247	0.135713	0.06375
0.1	0.120244	0.0916655	0.23767	0.119891	0.158769	0.06425
0.1	0.127443	0.099843	0.216567	0.109258	0.153333	0.0684
0.1	0.152972	0.116256	0.240022	0.121076	0.203982	0.08345
0.1	0.117887	0.089563	0.240265	0.121199	0.157357	0.0629
0.1	0.141888	0.114282	0.194559	0.0981658	0.153365	0.07685
0.1	0.130114	0.10378	0.202388	0.102112	0.146297	0.06995
0.1	0.156297	0.12193	0.219884	0.110929	0.190928	0.08545
0.1	0.160924	0.112676	0.299821	0.151196	0.268047	0.08825
0.1	0.126752	0.102886	0.188289	0.0950051	0.132589	0.068
0.15	0.217549	0.171226	0.21293	0.107425	0.181658	0.1242
0.15	0.196268	0.155891	0.205723	0.103793	0.15834	0.1103
0.15	0.2192	0.165807	0.243581	0.122869	0.209384	0.1253
0.15	0.245816	0.202051	0.178038	0.0898374	0.171625	0.1435
0.15	0.222785	0.175995	0.210025	0.105961	0.183492	0.1277
0.15	0.238274	0.181168	0.239667	0.120898	0.223947	0.13825
0.15	0.222115	0.172508	0.223341	0.112671	0.194539	0.12725
0.15	0.198291	0.163265	0.176639	0.089132	0.137356	0.1116
0.15	0.265593	0.210067	0.209062	0.105476	0.217747	0.15765
0.15	0.248659	0.193407	0.222201	0.112097	0.216676	0.1455
0.15	0.250923	0.190174	0.242103	0.122125	0.238232	0.1471
0.15	0.256468	0.205309	0.199476	0.100644	0.200625	0.15105
0.15	0.280348	0.217113	0.225559	0.113789	0.247981	0.1686
0.15	0.218825	0.177505	0.188824	0.095275	0.162037	0.12505
0.15	0.21196	0.169582	0.199932	0.100874	0.166186	0.1205
0.15	0.231429	0.18696	0.192151	0.0969519	0.174389	0.13355
0.15	0.211124	0.17058	0.192036	0.0968941	0.158994	0.11995
0.15	0.235735	0.185571	0.2128	0.107359	0.196724	0.1365
0.15	0.232381	0.177216	0.237389	0.11975	0.216332	0.1342
0.15	0.191887	0.164031	0.145171	0.073265	0.109241	0.1075
0.15	0.207617	0.160319	0.227816	0.114926	0.185484	0.11765
0.15	0.164947	0.135177	0.180482	0.0910697	0.116745	0.0907
0.15	0.198135	0.159263	0.196192	0.0989885	0.152441	0.1115
0.15	0.268119	0.210927	0.21331	0.107616	0.224284	0.1595
0.15	0.220622	0.1892	0.142422	0.0718785	0.123221	0.12625
0.15	0.273334	0.200515	0.266411	0.13437	0.285565	0.16335
0.15	0.256607	0.201336	0.215395	0.108667	0.216752	0.15115
0.15	0.277022	0.207498	0.250968	0.126591	0.272641	0.1661
0.15	0.209221	0.168709	0.193631	0.0976979	0.158869	0.1187
0.15	0.240656	0.194477	0.191888	0.0968193	0.181094	0.1399
0.15	0.220398	0.170853	0.224796	0.113405	0.194292	0.1261
0.15	0.242023	0.179348	0.258964	0.130619	0.245785	0.14085
0.15	0.217624	0.169807	0.21972	0.110847	0.187515	0.12425
0.15	0.194707	0.152673	0.215883	0.108913	0.164839	0.1093
0.15	0.21158	0.177547	0.160849	0.0811708	0.13346	0.12025
0.15	0.239935	0.186517	0.222636	0.112316	0.209483	0.1394
0.15	0.238202	0.17825	0.251684	0.126952	0.235104	0.1382
0.15	0.233185	0.184285	0.209702	0.105798	0.191762	0.13475
0.15	0.200849	0.16414	0.182766	0.092221	0.143954	0.11325
0.15	0.241232	0.207331	0.140532	0.0709255	0.132944	0.1403
0.15	0.2134	0.174609	0.181778	0.0917226	0.152123	0.12145
0.15	0.25458	0.206537	0.188714	0.0952194	0.188403	0.1497
0.15	0.219425	0.173478	0.209398	0.105645	0.180185	0.12545
0.15	0.244244	0.190006	0.222066	0.112029	0.2127	0.1424
0.15	0.21875	0.179534	0.179273	0.0904601	0.153788	0.125
0.15	0.217323	0.168016	0.226886	0.114458	0.193364	0.12405
0.15	0.227973	0.187329	0.178285	0.0899618	0.159389	0.1312
0.15	0.226644	0.179699	0.20713	0.104502	0.184097	0.1303
0.15	0.246955	0.210635	0.147071	0.0742234	0.142431	0.1443
0.15	0.223901	0.180626	0.19328	0.0975211	0.169709	0.12845
0.15	0.206699	0.174787	0.15439	0.0779137	0.125145	0.11705
0.15	0.210592	0.176085	0.163856	0.0826871	0.13532	0.1196
0.15	0.232381	0.188171	0.190247	0.0959921	0.173371	0.1342
0.15	0.2186	0.15918	0.271821	0.137095	0.23302	0.1249
0.15	0.226866	0.173003	0.237419	0.119765	0.211224	0.13045
0.2	0.333478	0.246243	0.261593	0.131943	0.27261	0.21145
0.2	0.303749	0.23659	0.221102	0.111543	0.209873	0.18675
0.2	0.347703	0.270091	0.223215	0.112608	0.24254	0.22405
0.2	0.299845	0.242188	0.192292	0.0970229	0.180181	0.18365
0.2	0.281209	0.219044	0.221065	0.111524	0.194267	0.16925
0.2	0.325241	0.260997	0.197528	0.0996622	0.200763	0.2044
0.2	0.331452	0.240563	0.274214	0.138301	0.284028	0.2097
0.2	0.31982	0.260191	0.186447	0.0940765	0.186342	0.19985
0.2	0.310087	0.244393	0.211859	0.106885	0.205296	0.19185
0.2	0.338006	0.263565	0.220235	0.111106	0.232627	0.2154
0.2	0.281539	0.224726	0.201796	0.101813	0.177542	0.1695
0.2	0.293018	0.241519	0.175754	0.0886861	0.160935	0.1783
0.2	0.334917	0.260858	0.221127	0.111556	0.231436	0.2127
0.2	0.269683	0.219767	0.185094	0.0933944	0.15599	0.16065
0.2	0.325419	0.254883	0.216755	0.109352	0.220425	0.20455
0.2	0.303624	0.236692	0.220441	0.11121	0.20916	0.18665
0.2	0.295967	0.22648	0.23478	0.118435	0.217148	0.1806
0.2	0.293147	0.238619	0.186009	0.0938556	0.1704	0.1784
0.2	0.289464	0.248332	0.142097	0.0717145	0.128537	0.17555
0.2	0.296797	0.237365	0.200243	0.10103	0.185723	0.18125
0.2	0.28588	0.232603	0.186362	0.0940339	0.166492	0.1728
0.2	0.305686	0.230707	0.245282	0.123726	0.23431	0.1883
0.2	0.321497	0.244066	0.240843	0.12149	0.24197	0.20125
0.2	0.307924	0.241726	0.214982	0.108459	0.206869	0.1901
0.2	0.296924	0.23068	0.2231	0.11255	0.207012	0.18135
0.2	0.264633	0.21922	0.171611	0.086597	0.141918	0.15695
0.2	0.316261	0.259313	0.180066	0.0908597	0.177962	0.1969
0.2	0.332032	0.253428	0.236736	0.119421	0.245637	0.2102
0.2	0.338006	0.273452	0.190984	0.0963636	0.20173	0.2154
0.2	0.355063	0.290112	0.182927	0.0923023	0.202971	0.2308
0.2	0.308791	0.25991	0.158297	0.0798842	0.152752	0.1908
0.2	0.330929	0.265639	0.197291	0.0995429	0.204029	0.20925
0.2	0.346265	0.272128	0.214106	0.108018	0.231679	0.22275
0.2	0.321019	0.24889	0.224685	0.113349	0.2254	0.20085
0.2	0.321138	0.265874	0.172087	0.0868371	0.172699	0.20095
0.2	0.335778	0.260484	0.224236	0.113123	0.235293	0.21345
0.2	0.31462	0.237872	0.243941	0.123051	0.23984	0.19555
0.2	0.31946	0.24966	0.218491	0.110227	0.218122	0.19955
0.2	0.310949	0.253775	0.183871	0.092778	0.17867	0.19255
0.2	0.309902	0.240886	0.222703	0.11235	0.215676	0.1917
0.2	0.297688	0.251588	0.154863	0.0781525	0.144065	0.18195
0.2	0.326481	0.262626	0.195586	0.0986834	0.199547	0.20545
0.2	0.314742	0.250528	0.20402	0.102934	0.200668	0.19565
0.2	0.304812	0.252267	0.172386	0.086988	0.164205	0.1876
0.2	0.293918	0.231187	0.21343	0.107677	0.196034	0.179
0.2	0.329238	0.272767	0.171521	0.0865518	0.176473	0.2078
0.2	0.308172	0.229405	0.255594	0.128921	0.246146	0.1903
0.2	0.31976	0.256999	0.196275	0.0990307	0.196128	0.1998
0.2	0.329297	0.244521	0.257446	0.129855	0.264926	0.20785
0.2	0.32018	0.251307	0.215105	0.108521	0.215226	0.20015
0.2	0.351705	0.260149	0.260321	0.131303	0.286114	0.2277
0.2	0.266277	0.220194	0.173063	0.0873291	0.144008	0.15815
0.2	0.330114	0.25613	0.224118	0.113063	0.231201	0.20855
0.2	0.287513	0.225225	0.216646	0.109298	0.194652	0.17405
0.2	0.327774	0.255435	0.220697	0.111339	0.226058	0.20655
0.25	0.388183	0.293069	0.245022	0.123595	0.253635	0.26355
0.25	0.344764	0.279889	0.188172	0.0949463	0.173	0.2214
0.25	0.363862	0.301829	0.170486	0.0860299	0.165422	0.2391
0.25	0.396806	0.31405	0.208556	0.105221	0.220683	0.27285
0.25	0.322034	0.2628	0.183938	0.0928116	0.157958	0.2017
0.25	0.405344	0.306738	0.243266	0.122711	0.262951	0.28245
0.25	0.369746	0.292183	0.209774	0.105834	0.206834	0.2448
0.25	0.358913	0.277817	0.22595	0.113986	0.216257	0.2344
0.25	0.342471	0.26534	0.225221	0.113619	0.205684	0.21935
0.25	0.369491	0.284437	0.23019	0.116123	0.226808	0.24455
0.25	0.355493	0.285634	0.196513	0.0991507	0.186291	0.2312
0.25	0.37995	0.293441	0.227685	0.11486	0.230691	0.255
0.25	0.362397	0.291655	0.195207	0.0984922	0.188646	0.2377
0.25	0.387946	0.307203	0.20813	0.105006	0.215315	0.2633
0.25	0.357849	0.286718	0.198774	0.10029	0.189682	0.2334
0.25	0.339199	0.281401	0.170394	0.0859834	0.154126	0.21645
0.25	0.387852	0.305338	0.212745	0.107332	0.220036	0.2632
0.25	0.37525	0.303287	0.191775	0.0967621	0.191902	0.25025
0.25	0.372134	0.293654	0.210893	0.106398	0.209281	0.24715
0.25	0.371475	0.294406	0.207469	0.104672	0.205519	0.2465
0.25	0.370917	0.289401	0.219768	0.110871	0.217375	0.24595
0.25	0.38614	0.32093	0.168877	0.0852186	0.173894	0.2614
0.25	0.383645	0.298861	0.220996	0.11149	0.226091	0.2588
0.25	0.387045	0.311653	0.194787	0.0982808	0.201044	0.26235
0.25	0.391794	0.309085	0.211104	0.106505	0.220559	0.2674
0.25	0.388985	0.30643	0.212232	0.107073	0.220147	0.2644
0.25	0.382339	0.311082	0.186373	0.094039	0.19002	0.25745
0.25	0.383742	0.306363	0.201642	0.101736	0.206343	0.2589
0.25	0.391282	0.319439	0.183608	0.0926456	0.19158	0.26685
0.25	0.358488	0.288653	0.194804	0.0982893	0.186227	0.234
0.25	0.356727	0.280013	0.215048	0.108492	0.204569	0.23235
0.25	0.360555	0.262505	0.271944	0.137157	0.261469	0.23595
0.25	0.358966	0.286371	0.202233	0.102034	0.193586	0.23445
0.25	0.364175	0.302615	0.16904	0.085301	0.164161	0.2394
0.25	0.337322	0.282753	0.161771	0.0816359	0.145517	0.2148
0.25	0.352304	0.261111	0.258846	0.13056	0.24318	0.22825
0.25	0.345765	0.271945	0.213499	0.107711	0.196854	0.2223
0.25	0.387472	0.317297	0.181111	0.0913864	0.187134	0.2628
0.25	0.346487	0.272101	0.214687	0.10831	0.198363	0.22295
0.25	0.360238	0.2783	0.227454	0.114744	0.2185	0.23565
0.25	0.374149	0.300629	0.1965	0.0991438	0.196053	0.24915
0.25	0.378081	0.291829	0.228131	0.115085	0.230005	0.2531
0.25	0.390394	0.309537	0.207117	0.104495	0.21562	0.2659
0.25	0.358754	0.291381	0.187798	0.0947578	0.179662	0.23425
0.25	0.37465	0.306575	0.181701	0.0916841	0.181531	0.24965
0.25	0.346764	0.27641	0.202886	0.102363	0.187609	0.2232
0.25	0.373546	0.293374	0.214622	0.108278	0.21379	0.24855
0.25	0.39443	0.299029	0.241872	0.122008	0.254404	0.27025
0.25	0.354686	0.2871	0.190552	0.0961459	0.18023	0.23045
0.25	0.356084	0.301125	0.154344	0.0778907	0.146558	0.23175
0.25	0.396169	0.321618	0.188178	0.0949492	0.198801	0.27215
0.25	0.365579	0.288048	0.212076	0.106994	0.206748	0.24075
0.25	0.378081	0.293606	0.223431	0.112716	0.225266	0.2531
0.25	0.362817	0.29593	0.184354	0.0930215	0.178365	0.2381
0.25	0.366924	0.29549	0.194684	0.0982286	0.190491	0.24205
0.3	0.434803	0.356863	0.179253	0.09045	0.185571	0.31945
0.3	0.42	0.342592	0.184305	0.0929966	0.184305	0.3
0.3	0.395941	0.314525	0.205626	0.103744	0.193847	0.2719
0.3	0.392027	0.316276	0.193228	0.0974946	0.180358	0.26765
0.3	0.413846	0.322302	0.221202	0.111593	0.217961	0.29245
0.3	0.413222	0.339287	0.178924	0.0902839	0.176036	0.2917
0.3	0.411506	0.324713	0.210914	0.106409	0.206648	0.28965
0.3	0.428898	0.330017	0.230545	0.116302	0.235429	0.31145
0.3	0.41201	0.337809	0.180096	0.090875	0.17667	0.29025
0.3	0.421394	0.331954	0.212247	0.10708	0.212951	0.30175
0.3	0.406947	0.323809	0.204297	0.103074	0.197948	0.2843
0.3	0.433351	0.354739	0.181406	0.0915354	0.187173	0.31745
0.3	0.420798	0.327464	0.221802	0.111896	0.222224	0.301
0.3	0.405344	0.330579	0.184447	0.0930684	0.178011	0.28245
0.3	0.401476	0.319782	0.203486	0.102665	0.194512	0.27805
0.3	0.432178	0.353471	0.182115	0.0918928	0.187395	0.31585
0.3	0.433278	0.334226	0.22861	0.115326	0.235837	0.31735
0.3	0.45763	0.371421	0.188381	0.0950515	0.205259	0.35445
0.3	0.419118	0.332733	0.206111	0.103988	0.205678	0.2989
0.3	0.416809	0.333212	0.200563	0.101192	0.199039	0.29605
0.3	0.399558	0.321085	0.1964	0.0990938	0.186841	0.2759
0.3	0.443954	0.335188	0.244995	0.123582	0.258968	0.3326
0.3	0.429987	0.338212	0.213437	0.10768	0.218512	0.3129
0.3	0.422618	0.314003	0.257006	0.129633	0.258608	0.3033
0.3	0.416196	0.324386	0.220593	0.111287	0.218595	0.2953
0.3	0.429762	0.333844	0.22319	0.112595	0.228377	0.3126
0.3	0.434261	0.333252	0.232599	0.117336	0.240497	0.3187
0.3	0.399424	0.305276	0.23571	0.118904	0.224163	0.27575
0.3	0.387946	0.329456	0.150769	0.076088	0.139262	0.2633
0.3	0.411632	0.346149	0.159081	0.0802796	0.155912	0.2898
0.3	0.387615	0.313875	0.190238	0.0959877	0.175569	0.26295
0.3	0.436668	0.350329	0.19772	0.0997592	0.205567	0.32205
0.3	0.376645	0.319979	0.15045	0.075927	0.134919	0.25165
0.3	0.404734	0.3327	0.17798	0.089808	0.17151	0.28175
0.3	0.419278	0.32704	0.219993	0.110984	0.219615	0.2991
0.3	0.41988	0.341066	0.187705	0.0947106	0.187651	0.29985
0.3	0.405126	0.322553	0.203821	0.102834	0.196603	0.2822
0.3	0.415539	0.329395	0.207308	0.104591	0.205106	0.2945
0.3	0.421116	0.341174	0.189834	0.0957838	0.190338	0.3014
0.3	0.43502	0.350138	0.195121	0.0984488	0.202099	0.31975
0.3	0.450293	0.34838	0.226327	0.114176	0.242651	0.34235
0.3	0.385806	0.31315	0.188324	0.0950225	0.172991	0.26105
0.3	0.405518	0.333236	0.178245	0.0899416	0.172099	0.28265
0.3	0.425579	0.348191	0.181842	0.0917551	0.184258	0.3071
0.3	0.403332	0.313246	0.223353	0.112678	0.214489	0.28015
0.3	0.418271	0.33476	0.199656	0.100735	0.198834	0.29785
0.3	0.414095	0.335676	0.189373	0.0955515	0.18671	0.29275
0.3	0.393093	0.320237	0.185341	0.0935188	0.173467	0.2688
0.3	0.411169	0.33049	0.196217	0.0990014	0.192091	0.28925
0.3	0.419399	0.334124	0.203325	0.102584	0.203034	0.29925
0.3	0.41742	0.341682	0.181442	0.0915536	0.180327	0.2968
0.3	0.391608	0.321198	0.179798	0.0907246	0.167644	0.2672
0.3	0.401299	0.319808	0.203069	0.102455	0.194027	0.27785
0.3	0.410197	0.344774	0.159491	0.0804863	0.155769	0.2881
0.3	0.413139	0.346783	0.160614	0.0810524	0.15799	0.2916
0.35	0.449977	0.36364	0.191869	0.0968097	0.189751	0.34185
0.35	0.449724	0.365971	0.186231	0.0939674	0.184071	0.34145
0.35	0.45953	0.359515	0.217645	0.109801	0.219812	0.35775
0.35	0.463361	0.376694	0.187041	0.0943758	0.190477	0.36465
0.35	0.472364	0.368296	0.220312	0.111145	0.22872	0.38245
0.35	0.444622	0.349011	0.215039	0.108488	0.210134	0.3336
0.35	0.409177	0.331296	0.190335	0.0960366	0.171167	0.2869
0.35	0.444522	0.346596	0.220294	0.111136	0.215221	0.33345
0.35	0.451328	0.363813	0.193906	0.0978363	0.192341	0.344
0.35	0.447739	0.361643	0.192291	0.0970224	0.189222	0.33835
0.35	0.457222	0.359427	0.213888	0.107908	0.214933	0.35375
0.35	0.451359	0.370753	0.178587	0.090114	0.177158	0.34405
0.35	0.415169	0.335326	0.192314	0.0970338	0.175478	0.29405
0.35	0.467818	0.355709	0.239642	0.120885	0.246393	0.37315
0.35	0.477866	0.372033	0.22147	0.111729	0.2326	0.3948
0.35	0.426118	0.360104	0.15492	0.0781813	0.145086	0.3078
0.35	0.461275	0.373225	0.190882	0.0963123	0.193514	0.36085
0.35	0.463469	0.362086	0.218747	0.110356	0.222819	0.36485
0.35	0.45195	0.381914	0.154964	0.0782035	0.153925	0.345
0.35	0.468324	0.374524	0.200287	0.101053	0.206152	0.37415
0.35	0.45518	0.365389	0.197265	0.0995294	0.197342	0.3503
0.35	0.442573	0.357953	0.1912	0.0964723	0.185978	0.33055
0.35	0.45527	0.367915	0.191876	0.096813	0.191989	0.35045
0.35	0.458557	0.362171	0.210193	0.106045	0.211836	0.35605
0.35	0.463008	0.373698	0.192891	0.0973248	0.196286	0.364
0.35	0.444888	0.360118	0.190542	0.096141	0.186308	0.334
0.35	0.476758	0.374308	0.214889	0.108412	0.225166	0.3922
0.35	0.475113	0.38484	0.190003	0.0958689	0.198402	0.38845
0.35	0.465337	0.389555	0.162854	0.082182	0.166554	0.36835
0.35	0.484194	0.396297	0.181532	0.0915988	0.193179	0.4111
0.35	0.41742	0.345028	0.173426	0.0875124	0.159102	0.2968
0.35	0.460012	0.365407	0.205658	0.10376	0.207923	0.3586
0.35	0.446699	0.349362	0.217904	0.109931	0.213928	0.33675
0.35	0.476672	0.378982	0.204942	0.103399	0.214703	0.392
0.35	0.448061	0.348267	0.222724	0.11236	0.219327	0.33885
0.35	0.446339	0.340677	0.236731	0.119418	0.232224	0.3362
0.35	0.448126	0.365638	0.184072	0.0928792	0.181291	0.33895
0.35	0.443686	0.3541	0.201914	0.101873	0.196893	0.3322
0.35	0.449914	0.334351	0.256857	0.129558	0.253985	0.34175
0.35	0.45524	0.35691	0.215995	0.10897	0.216109	0.3504
0.35	0.428785	0.353053	0.176619	0.0891221	0.166443	0.3113
0.35	0.450261	0.361432	0.197284	0.0995393	0.195229	0.3423
0.35	0.461135	0.369735	0.198207	0.100004	0.20088	0.3606
0.35	0.475447	0.403654	0.151001	0.0762048	0.157786	0.3892
0.35	0.464542	0.375227	0.192264	0.0970087	0.196296	0.36685
0.35	0.468675	0.368445	0.213857	0.107892	0.220285	0.37485
0.35	0.467104	0.378652	0.189361	0.0955456	0.194399	0.37175
0.35	0.455359	0.348893	0.233807	0.117945	0.233992	0.3506
0.35	0.446503	0.372483	0.165778	0.0836562	0.162682	0.33645
0.35	0.457368	0.364928	0.202113	0.101973	0.203165	0.354
0.35	0.464569	0.344082	0.259352	0.130814	0.264806	0.3669
0.35	0.447577	0.341605	0.236768	0.119437	0.232905	0.3381
0.35	0.441038	0.361625	0.18006	0.0908566	0.174535	0.3283
0.35	0.443518	0.356402	0.19642	0.0991037	0.191464	0.33195
0.35	0.468298	0.371137	0.207478	0.104677	0.213541	0.3741
0.4	0.482459	0.376087	0.220478	0.111229	0.221608	0.40635
0.4	0.475866	0.376463	0.20889	0.105389	0.207091	0.39015
0.4	0.478097	0.381325	0.202411	0.102124	0.201609	0.39535
0.4	0.483054	0.375642	0.222361	0.112177	0.223775	0.40795
0.4	0.48	0.382542	0.203038	0.102439	0.203038	0.4
0.4	0.484194	0.395313	0.183564	0.0926233	0.185168	0.4111
0.4	0.49034	0.384728	0.215384	0.108662	0.220024	0.4305
0.4	0.471844	0.369903	0.216048	0.108996	0.212377	0.38135
0.4	0.48016	0.391782	0.184059	0.0928727	0.18412	0.4004
0.4	0.486172	0.415338	0.145699	0.0735311	0.147572	0.41685
0.4	0.468248	0.381747	0.184733	0.0932127	0.18021	0.374
0.4	0.481626	0.38125	0.208409	0.105146	0.209115	0.40415
0.4	0.462763	0.374504	0.19072	0.0962307	0.183871	0.36355
0.4	0.470427	0.367291	0.219239	0.110604	0.214866	0.3784
0.4	0.4802	0.390298	0.187217	0.0944647	0.187295	0.4005
0.4	0.474642	0.380425	0.198502	0.100153	0.196286	0.3874
0.4	0.481855	0.380637	0.210058	0.105977	0.21087	0.40475
0.4	0.477038	0.3771	0.209495	0.105694	0.208203	0.39285
0.4	0.467258	0.380175	0.186369	0.094037	0.181421	0.37205
0.4	0.472972	0.373316	0.210703	0.106302	0.207617	0.38375
0.4	0.473504	0.389853	0.176664	0.0891446	0.174273	0.3849
0.4	0.480929	0.384689	0.200112	0.100964	0.200499	0.40235
0.4	0.47602	0.386553	0.187947	0.0948328	0.186389	0.3905
0.4	0.475046	0.390107	0.178802	0.0902226	0.176957	0.3883
0.4	0.473527	0.359719	0.24034	0.121237	0.237099	0.38495
0.4	0.484229	0.397426	0.17926	0.0904537	0.18084	0.4112
0.4	0.472762	0.364458	0.229088	0.115567	0.225634	0.3833
0.4	0.480615	0.404209	0.158977	0.0802269	0.159181	0.40155
0.4	0.48866	0.381738	0.218806	0.110386	0.222754	0.4247
0.4	0.477697	0.381591	0.201187	0.101506	0.200221	0.3944
0.4	0.48014	0.407367	0.151565	0.0764893	0.151609	0.40035
0.4	0.491222	0.389051	0.207992	0.104936	0.212855	0.43375
0.4	0.480714	0.407903	0.151463	0.0764382	0.151689	0.4018
0.4	0.478493	0.38169	0.202307	0.102071	0.201672	0.3963
0.4	0.47911	0.367269	0.233435	0.117758	0.233003	0.3978
0.4	0.477188	0.379908	0.20386	0.102854	0.202666	0.3932
0.4	0.473435	0.370556	0.217304	0.109629	0.214332	0.38475
0.4	0.461191	0.370605	0.196418	0.0991025	0.188721	0.3607
0.4	0.486601	0.393074	0.192206	0.0969796	0.194849	0.41815
0.4	0.480694	0.394591	0.179121	0.0903834	0.17938	0.40175
0.4	0.477761	0.374487	0.216163	0.109054	0.215154	0.39455
0.4	0.473962	0.398426	0.159372	0.0804262	0.157367	0.3859
0.4	0.47325	0.370459	0.217202	0.109578	0.214147	0.38435
0.4	0.468298	0.370944	0.20789	0.104885	0.202822	0.3741
0.4	0.481395	0.391388	0.186972	0.0943412	0.187515	0.40355
0.4	0.477718	0.375739	0.213471	0.107697	0.212456	0.39445
0.4	0.48153	0.389581	0.190951	0.096347	0.19156	0.4039
0.4	0.474076	0.368712	0.222251	0.112122	0.219508	0.38615
0.4	0.476629	0.372685	0.218081	0.110021	0.21655	0.3919
0.4	0.481664	0.38847	0.193484	0.0976239	0.194155	0.40425
0.4	0.478264	0.399014	0.165702	0.083618	0.165103	0.39575
0.4	0.476801	0.380392	0.2022	0.102017	0.200853	0.3923
0.4	0.473619	0.376114	0.205871	0.103867	0.203134	0.38515
0.4	0.491744	0.378464	0.230363	0.11621	0.235999	0.43575
0.4	0.482064	0.37936	0.21305	0.107485	0.213966	0.4053
0.45	0.493728	0.385507	0.219192	0.11058	0.218628	0.444
0.45	0.499088	0.403077	0.192372	0.0970635	0.193961	0.47865
0.45	0.484318	0.374761	0.226207	0.114116	0.221326	0.41145
0.45	0.492955	0.38809	0.212727	0.107322	0.211848	0.44065
0.45	0.492667	0.392611	0.20309	0.102466	0.202133	0.43945
0.45	0.498891	0.39863	0.200968	0.101396	0.202548	0.47645
0.45	0.493661	0.40383	0.181968	0.0918188	0.181476	0.4437
0.45	0.491821	0.391716	0.20354	0.102693	0.202233	0.43605
0.45	0.49595	0.399753	0.193965	0.0978663	0.194337	0.455
0.45	0.491731	0.399075	0.188428	0.0950753	0.187184	0.4357
0.45	0.495344	0.406387	0.179587	0.0906184	0.179712	0.45175
0.45	0.496555	0.379967	0.234795	0.118443	0.235532	0.4585
0.45	0.496048	0.404162	0.185238	0.093467	0.18563	0.45555
0.45	0.497681	0.369326	0.257905	0.130086	0.259302	0.46595
0.45	0.493479	0.389585	0.210534	0.106217	0.209887	0.4429
0.45	0.499687	0.399731	0.200038	0.100927	0.201932	0.4875
0.45	0.496075	0.397319	0.199075	0.100442	0.199507	0.4557
0.45	0.49891	0.409848	0.178511	0.0900761	0.179921	0.47665
0.45	0.495421	0.392294	0.208159	0.10502	0.208336	0.45215
0.45	0.490395	0.393878	0.196815	0.0993027	0.194984	0.4307
0.45	0.49922	0.40956	0.179599	0.0906243	0.18113	0.48025
0.45	0.491897	0.403481	0.179747	0.0906988	0.17862	0.43635
0.45	0.498347	0.378537	0.240416	0.121275	0.242041	0.47125
0.45	0.494297	0.38107	0.229067	0.115556	0.228741	0.4466
0.45	0.49823	0.3979	0.201372	0.1016	0.202686	0.47025
0.45	0.492423	0.402616	0.182377	0.0920249	0.181428	0.43845
0.45	0.496824	0.401076	0.192721	0.0972392	0.193431	0.46015
0.45	0.498937	0.402931	0.192421	0.0970878	0.193951	0.47695
0.45	0.493851	0.381577	0.227342	0.114688	0.226814	0.44455
0.45	0.499762	0.401872	0.195874	0.0988284	0.197758	0.4891
0.45	0.48869	0.377862	0.226786	0.114407	0.223895	0.4248
0.45	0.489946	0.391694	0.200537	0.101179	0.19849	0.4291
0.45	0.49611	0.407977	0.177649	0.0896412	0.178047	0.4559
0.45	0.494818	0.408603	0.174236	0.0879208	0.174172	0.4491
0.45	0.48362	0.37978	0.214713	0.108324	0.209777	0.4095
0.45	0.499792	0.378495	0.242695	0.122423	0.245044	0.4898
0.45	0.492362	0.393753	0.200277	0.101048	0.199209	0.4382
0.45	0.499747	0.412886	0.173809	0.0877052	0.175476	0.48875
0.45	0.49809	0.388997	0.219023	0.110496	0.220391	0.4691
0.45	0.499243	0.374048	0.250769	0.126491	0.252919	0.48055
0.45	0.492237	0.394359	0.198844	0.100325	0.197734	0.4377
0.45	0.490874	0.40436	0.176244	0.0889329	0.174775	0.43245
0.45	0.491485	0.391316	0.203808	0.102827	0.20236	0.43475
0.45	0.490766	0.405167	0.17442	0.0880131	0.172927	0.43205
0.45	0.497855	0.390251	0.216134	0.10904	0.217381	0.46725
0.45	0.494726	0.401461	0.188518	0.0951206	0.188414	0.44865
0.45	0.49927	0.392538	0.213777	0.107852	0.215621	0.4809
0.45	0.498133	0.3961	0.204832	0.103344	0.206129	0.46945
0.45	0.489078	0.390058	0.202462	0.102149	0.20004	0.4261
0.45	0.499462	0.409908	0.179301	0.0904742	0.180917	0.4836
0.45	0.488599	0.389051	0.203743	0.102794	0.201108	0.4245
0.45	0.491182	0.386528	0.213066	0.107493	0.211422	0.4336
0.45	0.491615	0.391925	0.202781	0.10231	0.201395	0.43525
0.45	0.498318	0.384715	0.227973	0.115005	0.229501	0.471
0.45	0.486894	0.397233	0.18415	0.0929188	0.181135	0.41905
0.5	0.499032	0.386824	0.224851	0.113432	0.224416	0.522
0.5	0.499935	0.417835	0.164221	0.0828714	0.1642	0.5057
0.5	0.498947	0.396953	0.204417	0.103134	0.203986	0.47705
0.5	0.499327	0.39579	0.207353	0.104614	0.207074	0.48165
0.5	0.499652	0.425468	0.148471	0.0749289	0.148367	0.4868
0.5	0.499366	0.394962	0.209074	0.105481	0.208809	0.4822
0.5	0.499896	0.389428	0.220982	0.111483	0.220937	0.5072
0.5	0.499614	0.396083	0.207221	0.104548	0.207061	0.4861
0.5	0.498158	0.391276	0.214555	0.108244	0.213765	0.53035
0.5	0.498432	0.409456	0.178512	0.0900763	0.177952	0.472
0.5	0.499849	0.390214	0.219336	0.110653	0.219269	0.5087
0.5	0.5	0.410329	0.179341	0.0904944	0.179341	0.5005
0.5	0.494027	0.406781	0.1766	0.0891126	0.174491	0.44535
0.5	0.497913	0.408463	0.179651	0.0906504	0.178901	0.5323
0.5	0.498569	0.393014	0.211717	0.106813	0.211111	0.52675
0.5	0.499122	0.415624	0.167289	0.0844181	0.166995	0.52095
0.5	0.494136	0.380103	0.230771	0.116415	0.228064	0.55415
0.5	0.498896	0.396473	0.205299	0.103579	0.204845	0.4765
0.5	0.499143	0.408148	0.182303	0.0919873	0.18199	0.5207
0.5	0.497952	0.394532	0.207691	0.104784	0.20684	0.468
0.5	0.494849	0.380503	0.231073	0.116568	0.228693	0.44925
0.5	0.499812	0.410514	0.178663	0.0901524	0.178596	0.4903
0.5	0.49312	0.381354	0.226652	0.11434	0.223534	0.44135
0.5	0.49999	0.408385	0.183214	0.092447	0.183211	0.50225
0.5	0.499758	0.386938	0.225749	0.113885	0.22564	0.489
0.5	0.496181	0.409369	0.17496	0.0882855	0.173623	0.5437
0.5	0.489181	0.384162	0.214682	0.108308	0.210037	0.57355
0.5	0.499041	0.397262	0.203949	0.102898	0.203558	0.4781
0.5	0.49846	0.409512	0.178446	0.0900433	0.177897	0.47225
0.5	0.499991	0.414697	0.170591	0.0860831	0.170588	0.4979
0.5	0.498679	0.407516	0.182809	0.0922426	0.182326	0.4743
0.5	0.499893	0.394869	0.210094	0.105995	0.210049	0.5073
0.5	0.499228	0.399089	0.200586	0.101204	0.200277	0.51965
0.5	0.499999	0.405518	0.188962	0.0953444	0.188962	0.50055
0.5	0.499622	0.410127	0.179126	0.090386	0.178991	0.48625
0.5	0.499286	0.39809	0.202681	0.102259	0.202391	0.5189
0.5	0.49963	0.386142	0.227144	0.114588	0.226976	0.4864
0.5	0.49974	0.397462	0.204663	0.103258	0.204556	0.5114
0.5	0.499996	0.390192	0.21961	0.110791	0.219608	0.5014
0.5	0.499987	0.403947	0.192084	0.0969181	0.192079	0.50255
0.5	0.499999	0.42874	0.142517	0.0719265	0.142517	0.50075
0.5	0.499814	0.396871	0.205963	0.103914	0.205887	0.49035
0.5	0.499996	0.405957	0.188079	0.0948993	0.188078	0.49865
0.5	0.499854	0.399799	0.200167	0.100992	0.200109	0.49145
0.5	0.499126	0.415945	0.166654	0.0840979	0.166363	0.5209
0.5	0.498047	0.402698	0.191447	0.0965968	0.190699	0.53125
0.5	0.499987	0.394173	0.211635	0.106772	0.211629	0.50255
0.5	0.499996	0.419663	0.160667	0.0810791	0.160666	0.49865
0.5	0.49971	0.41316	0.173199	0.0873977	0.173098	0.51205
0.5	0.499516	0.401155	0.196912	0.0993518	0.196722	0.51555
0.5	0.497487	0.396888	0.202213	0.102023	0.201196	0.46455
0.5	0.498381	0.417508	0.162273	0.0818888	0.161747	0.47155
0.5	0.498996	0.40167	0.195044	0.0984103	0.194653	0.5224
0.5	0.499798	0.39254	0.214604	0.108268	0.214517	0.48995
0.5	0.499869	0.382133	0.235533	0.118815	0.235472	0.4919
0.55	0.491022	0.405739	0.173685	0.0876427	0.172289	0.567
0.55	0.492919	0.403217	0.181982	0.0918257	0.181217	0.5595
0.55	0.495363	0.404134	0.184167	0.0929273	0.184302	0.54815
0.55	0.499415	0.404047	0.19096	0.0963514	0.192663	0.5171
0.55	0.490031	0.39033	0.203459	0.102652	0.201417	0.5706
0.55	0.499996	0.401199	0.197595	0.099696	0.19959	0.49865
0.55	0.488478	0.379067	0.223984	0.112995	0.221033	0.5759
0.55	0.499131	0.407276	0.184028	0.0928572	0.185564	0.52085
0.55	0.499905	0.386945	0.225963	0.113992	0.228202	0.5069
0.55	0.497479	0.408336	0.17919	0.0904183	0.180088	0.5355
0.55	0.499176	0.412874	0.172889	0.0872413	0.174347	0.5203
0.55	0.499188	0.393921	0.210875	0.106389	0.21266	0.52015
0.55	0.497835	0.40149	0.193528	0.0976461	0.194637	0.5329
0.55	0.495276	0.40228	0.187766	0.0947415	0.187871	0.5486
0.55	0.48881	0.386042	0.210241	0.10607	0.207612	0.5748
0.55	0.495796	0.401753	0.189679	0.0957058	0.189984	0.54585
0.55	0.499702	0.375522	0.248509	0.125352	0.250869	0.5122
0.55	0.487848	0.413331	0.152747	0.0770853	0.15054	0.57795
0.55	0.499825	0.390537	0.218652	0.110308	0.220783	0.50935
0.55	0.48398	0.37465	0.225897	0.113959	0.220868	0.5895
0.55	0.497606	0.401748	0.192638	0.0971973	0.193652	0.5346
0.55	0.499063	0.378353	0.241872	0.122008	0.243857	0.52165
0.55	0.492546	0.4083	0.171041	0.0863095	0.170193	0.56105
0.55	0.495554	0.398187	0.19648	0.0991338	0.1967	0.54715
0.55	0.486943	0.382149	0.215207	0.108573	0.211704	0.5808
0.55	0.497232	0.40875	0.17795	0.0897929	0.178752	0.5372
0.55	0.499224	0.379182	0.240457	0.121296	0.242509	0.5197
0.55	0.493661	0.385394	0.219314	0.110642	0.21872	0.5563
0.55	0.496832	0.400677	0.193536	0.0976501	0.194252	0.5398
0.55	0.498896	0.403036	0.192143	0.0969481	0.193656	0.5235
0.55	0.499168	0.403663	0.191328	0.0965369	0.192939	0.5204
0.55	0.498271	0.416648	0.163813	0.0826654	0.164896	0.5294
0.55	0.499196	0.390889	0.216964	0.109458	0.218803	0.52005
0.55	0.497066	0.384476	0.22651	0.114268	0.227455	0.5383
0.55	0.499993	0.3888	0.222389	0.112192	0.224632	0.4981
0.55	0.497012	0.398393	0.198423	0.100113	0.19923	0.53865
0.55	0.490074	0.386561	0.211217	0.106562	0.209115	0.57045
0.55	0.490629	0.385433	0.21441	0.108171	0.212517	0.56845
0.55	0.491615	0.394193	0.198166	0.0999838	0.196811	0.56475
0.55	0.499019	0.38639	0.225701	0.113861	0.227534	0.52215
0.55	0.499937	0.416066	0.167764	0.0846574	0.169437	0.5056
0.55	0.499274	0.391286	0.216289	0.109118	0.218157	0.48095
0.55	0.497829	0.387394	0.221834	0.111912	0.223101	0.53295
0.55	0.498158	0.409445	0.178083	0.0898599	0.179219	0.53035
0.55	0.498632	0.396452	0.204922	0.103389	0.206426	0.52615
0.55	0.499054	0.424957	0.148474	0.0749305	0.14969	0.52175
0.55	0.495859	0.399028	0.19528	0.0985291	0.195619	0.5455
0.55	0.49504	0.382099	0.228145	0.115092	0.228163	0.5498
0.55	0.49246	0.389226	0.209629	0.105761	0.208554	0.5614
0.55	0.49809	0.398589	0.199766	0.10079	0.201013	0.5309
0.55	0.491129	0.391789	0.202268	0.102052	0.200687	0.5666
0.55	0.497365	0.378936	0.238112	0.120114	0.23925	0.5363
0.55	0.499159	0.40541	0.187815	0.094766	0.189393	0.4795
0.55	0.497269	0.393106	0.20947	0.105681	0.21043	0.53695
0.55	0.499998	0.411228	0.177539	0.089586	0.179332	0.49895
0.6	0.484442	0.407346	0.159143	0.0803107	0.160616	0.5882
0.6	0.49724	0.369623	0.256649	0.129453	0.265867	0.53715
0.6	0.492655	0.390618	0.207117	0.104495	0.212578	0.5606
0.6	0.491782	0.381132	0.224999	0.113507	0.230522	0.5641
0.6	0.493884	0.384523	0.22143	0.111709	0.227835	0.5553
0.6	0.479355	0.380968	0.205249	0.103554	0.204973	0.6016
0.6	0.488959	0.388677	0.205093	0.103475	0.208921	0.5743
0.6	0.472599	0.397583	0.158729	0.0801019	0.156281	0.61705
0.6	0.499114	0.407913	0.182724	0.0922	0.190001	0.52105
0.6	0.492534	0.402667	0.182458	0.0920656	0.187222	0.5611
0.6	0.490326	0.386961	0.210807	0.106355	0.215342	0.56955
0.6	0.485277	0.392507	0.191169	0.0964567	0.19327	0.5858
0.6	0.489904	0.382305	0.219631	0.110802	0.224163	0.57105
0.6	0.496597	0.398081	0.198383	0.100093	0.205242	0.54125
0.6	0.498236	0.390779	0.215675	0.108808	0.223868	0.5297
0.6	0.488157	0.403105	0.174233	0.0879189	0.177194	0.57695
0.6	0.485753	0.38418	0.209105	0.105497	0.211611	0.5844
0.6	0.494634	0.399329	0.192677	0.097217	0.198551	0.5518
0.6	0.491009	0.398872	0.187647	0.0946813	0.19195	0.56705
0.6	0.477315	0.370444	0.223901	0.112954	0.222649	0.6065
0.6	0.491116	0.378748	0.228802	0.115423	0.2341	0.56665
0.6	0.496207	0.375365	0.24353	0.122844	0.251753	0.54355
0.6	0.483764	0.388068	0.197815	0.0998071	0.199367	0.5901
0.6	0.493003	0.399516	0.189626	0.095679	0.194763	0.55915
0.6	0.480358	0.395275	0.177125	0.089377	0.177257	0.5991
0.6	0.49312	0.384531	0.22021	0.111093	0.226229	0.55865
0.6	0.49086	0.389213	0.20708	0.104477	0.211766	0.5676
0.6	0.493202	0.392333	0.204519	0.103186	0.210144	0.5583
0.6	0.492943	0.388969	0.210925	0.106415	0.216613	0.5594
0.6	0.492836	0.375554	0.237973	0.120044	0.244336	0.55985
0.6	0.474417	0.366181	0.228145	0.115092	0.225491	0.6131
0.6	0.487925	0.405285	0.169371	0.0854678	0.172168	0.5777
0.6	0.492436	0.376166	0.236111	0.119106	0.242228	0.5615
0.6	0.494005	0.392855	0.204754	0.103304	0.210728	0.55475
0.6	0.493433	0.396699	0.196044	0.0989139	0.20153	0.5573
0.6	0.497599	0.40089	0.19435	0.0980602	0.201476	0.53465
0.6	0.492423	0.38235	0.223533	0.112768	0.229318	0.56155
0.6	0.486781	0.400472	0.177305	0.0894678	0.17981	0.5813
0.6	0.49155	0.365842	0.255738	0.128994	0.261892	0.565
0.6	0.491897	0.380567	0.226327	0.114176	0.231937	0.56365
0.6	0.490928	0.38418	0.217442	0.109699	0.222393	0.56735
0.6	0.488418	0.387136	0.207367	0.104621	0.211003	0.5761
0.6	0.495722	0.384852	0.223652	0.112828	0.230978	0.54625
0.6	0.492225	0.373246	0.241716	0.12193	0.247872	0.56235
0.6	0.487072	0.398901	0.181022	0.0913417	0.183689	0.5804
0.6	0.489961	0.39923	0.18518	0.093438	0.189023	0.57085
0.6	0.489618	0.402127	0.178691	0.0901664	0.182271	0.57205
0.6	0.4846	0.382725	0.210224	0.106061	0.212238	0.58775
0.6	0.496293	0.405675	0.182589	0.0921319	0.188787	0.54305
0.6	0.473389	0.375276	0.207255	0.104565	0.204401	0.61535
0.6	0.498066	0.384284	0.228447	0.115244	0.237045	0.5311
0.6	0.486272	0.396932	0.183725	0.0927044	0.186126	0.58285
0.6	0.493307	0.36869	0.252614	0.12742	0.259617	0.55785
0.6	0.488899	0.386778	0.20888	0.105384	0.212753	0.5745
0.6	0.477166	0.378166	0.207474	0.104675	0.206249	0.60685
0.65	0.493513	0.389475	0.210813	0.106358	0.228657	0.55695
0.65	0.483035	0.352656	0.269917	0.136136	0.286548	0.5921
0.65	0.475998	0.376473	0.209087	0.105488	0.218736	0.60955
0.65	0.491102	0.395413	0.194846	0.0983102	0.210306	0.5667
0.65	0.47841	0.381906	0.201717	0.101774	0.212096	0.6039
0.65	0.493132	0.408614	0.17139	0.0864859	0.185754	0.5586
0.65	0.485053	0.384601	0.207094	0.104483	0.220772	0.58645
0.65	0.474507	0.368552	0.223295	0.112648	0.232869	0.6129
0.65	0.473711	0.356915	0.246556	0.124368	0.256695	0.61465
0.65	0.482869	0.378612	0.215911	0.108927	0.229135	0.59255
0.65	0.478761	0.348561	0.271952	0.137161	0.286154	0.60305
0.65	0.475954	0.3757	0.210637	0.106269	0.220337	0.60965
0.65	0.481065	0.36689	0.237339	0.119724	0.250935	0.5973
0.65	0.471511	0.368115	0.219288	0.110629	0.227245	0.61935
0.65	0.491035	0.383495	0.219006	0.110487	0.236351	0.56695
0.65	0.481163	0.369929	0.231178	0.11662	0.244471	0.59705
0.65	0.492012	0.388735	0.209907	0.105901	0.226981	0.5632
0.65	0.469322	0.367566	0.216817	0.109384	0.223641	0.62385
0.65	0.485191	0.398481	0.178712	0.0901771	0.19057	0.58605
0.65	0.487264	0.388679	0.202323	0.102079	0.21667	0.5798
0.65	0.487502	0.373284	0.234294	0.11819	0.25103	0.57905
0.65	0.488765	0.385643	0.210984	0.106444	0.226641	0.57495
0.65	0.484984	0.378054	0.22048	0.11123	0.235009	0.58665
0.65	0.489107	0.362884	0.258068	0.130168	0.277413	0.5738
0.65	0.486222	0.374	0.230804	0.116432	0.246642	0.583
0.65	0.479335	0.374322	0.219081	0.110525	0.230798	0.60165
0.65	0.487628	0.37009	0.24104	0.121589	0.258325	0.57865
0.65	0.47626	0.394952	0.17072	0.0861482	0.178697	0.60895
0.65	0.488765	0.380869	0.220751	0.111366	0.237133	0.57495
0.65	0.464993	0.378583	0.185831	0.0937663	0.189913	0.6323
0.65	0.480909	0.384174	0.201151	0.101488	0.212605	0.5977
0.65	0.480733	0.374476	0.221033	0.111508	0.233533	0.59815
0.65	0.466096	0.347681	0.254057	0.128147	0.260253	0.6302
0.65	0.483547	0.376394	0.221598	0.111793	0.235501	0.5907
0.65	0.466744	0.36199	0.224434	0.113222	0.230227	0.62895
0.65	0.479274	0.377325	0.212715	0.107316	0.224063	0.6018
0.65	0.495257	0.393039	0.206393	0.10413	0.224654	0.5487
0.65	0.48126	0.378102	0.214349	0.10814	0.22672	0.5968
0.65	0.478264	0.359394	0.248544	0.12537	0.261251	0.60425
0.65	0.485838	0.36577	0.247134	0.12466	0.263884	0.58415
0.65	0.488675	0.36355	0.25605	0.129151	0.275001	0.57525
0.65	0.480655	0.385778	0.197391	0.0995933	0.208521	0.59835
0.65	0.485938	0.388912	0.199667	0.10074	0.213244	0.58385
0.65	0.486927	0.380046	0.219501	0.110737	0.234903	0.58085
0.65	0.453792	0.345374	0.238916	0.120519	0.238281	0.652
0.65	0.488034	0.383821	0.213535	0.10773	0.229038	0.57735
0.65	0.490395	0.390043	0.204635	0.103244	0.220554	0.5693
0.65	0.491641	0.376388	0.234424	0.118256	0.253302	0.56465
0.65	0.485328	0.390599	0.195185	0.0984811	0.208195	0.58565
0.65	0.468172	0.367465	0.215106	0.108522	0.221334	0.62615
0.65	0.479253	0.380719	0.205598	0.10373	0.216557	0.60185
0.65	0.486552	0.360646	0.258772	0.130522	0.276716	0.582
0.65	0.483818	0.385434	0.203348	0.102596	0.216227	0.58995
0.65	0.467232	0.373092	0.201484	0.101656	0.206901	0.628
0.65	0.485938	0.372385	0.23368	0.117881	0.249569	0.58385
0.7	0.473665	0.373649	0.211152	0.106529	0.238132	0.61475
0.7	0.473596	0.381291	0.194902	0.0983387	0.219774	0.6149
0.7	0.488448	0.372255	0.237882	0.119998	0.27665	0.576
0.7	0.470863	0.339059	0.27992	0.141174	0.313819	0.6207
0.7	0.480615	0.364878	0.240809	0.121473	0.275564	0.59845
0.7	0.476041	0.378254	0.205419	0.103639	0.232828	0.60945
0.7	0.488142	0.362992	0.25638	0.129318	0.297976	0.577
0.7	0.476629	0.350649	0.264314	0.133314	0.299952	0.6081
0.7	0.456074	0.35999	0.210676	0.106289	0.22877	0.6482
0.7	0.449977	0.328954	0.268953	0.135651	0.288149	0.65815
0.7	0.47678	0.38517	0.192144	0.0969483	0.21812	0.60775
0.7	0.489632	0.355835	0.27326	0.13782	0.318564	0.572
0.7	0.476085	0.361344	0.241009	0.121574	0.273192	0.60935
0.7	0.453335	0.378361	0.165382	0.0834565	0.178508	0.65275
0.7	0.480948	0.359365	0.252799	0.127514	0.289484	0.5976
0.7	0.471344	0.350742	0.255868	0.12906	0.287147	0.6197
0.7	0.487988	0.361123	0.259975	0.131128	0.302058	0.5775
0.7	0.496997	0.374582	0.246308	0.124243	0.291463	0.53875
0.7	0.478306	0.385353	0.194336	0.0980533	0.221314	0.60415
0.7	0.482459	0.381679	0.20889	0.105389	0.239954	0.59365
0.7	0.482403	0.36542	0.242501	0.122325	0.278531	0.5938
0.7	0.485703	0.363732	0.251121	0.126668	0.290405	0.58455
0.7	0.462572	0.355954	0.230489	0.116273	0.253851	0.6368
0.7	0.486797	0.359515	0.261469	0.131881	0.303053	0.58125
0.7	0.475712	0.341762	0.281578	0.142009	0.318928	0.6102
0.7	0.479598	0.356832	0.255977	0.129114	0.2923	0.601
0.7	0.477316	0.370371	0.224054	0.113031	0.25463	0.6065
0.7	0.471128	0.341436	0.275279	0.138837	0.308789	0.62015
0.7	0.495768	0.351883	0.290226	0.146364	0.342583	0.546
0.7	0.472645	0.346946	0.265948	0.134137	0.299283	0.61695
0.7	0.48474	0.362944	0.251261	0.126739	0.289992	0.58735
0.7	0.48006	0.363935	0.241896	0.12202	0.276487	0.59985
0.7	0.472364	0.362133	0.233359	0.117719	0.262454	0.61755
0.7	0.460069	0.356797	0.22447	0.11324	0.245885	0.6413
0.7	0.473412	0.359592	0.240425	0.121279	0.271	0.6153
0.7	0.484897	0.362948	0.251494	0.126856	0.290354	0.5869
0.7	0.493895	0.346472	0.298489	0.150525	0.351006	0.55525
0.7	0.474777	0.362673	0.23612	0.11911	0.266915	0.6123
0.7	0.47841	0.378743	0.208329	0.105106	0.237301	0.6039
0.7	0.469322	0.360562	0.23174	0.116904	0.258954	0.62385
0.7	0.453792	0.35006	0.228589	0.115316	0.246981	0.652
0.7	0.478967	0.3665	0.234813	0.118452	0.26778	0.60255
0.7	0.485328	0.363886	0.250228	0.126218	0.289149	0.58565
0.7	0.478885	0.349159	0.270893	0.136628	0.308872	0.60275
0.7	0.477718	0.37316	0.218869	0.110418	0.248947	0.60555
0.7	0.493468	0.364496	0.261357	0.131824	0.307074	0.55715
0.7	0.465468	0.349023	0.250168	0.126188	0.27725	0.6314
0.7	0.457426	0.36591	0.200068	0.100942	0.217896	0.6459
0.7	0.467385	0.368203	0.212207	0.10706	0.236149	0.6277
0.7	0.482497	0.36395	0.245693	0.123934	0.282253	0.59355
0.7	0.475225	0.338279	0.28817	0.145329	0.326061	0.6113
0.7	0.477188	0.386725	0.189574	0.095653	0.215387	0.6068
0.7	0.474867	0.394407	0.169437	0.0855012	0.191572	0.6121
0.7	0.478285	0.371094	0.224115	0.113061	0.255216	0.6042
0.7	0.461275	0.37166	0.194277	0.0980235	0.213369	0.63915
0.75	0.495305	0.330652	0.332427	0.167611	0.439074	0.54845
0.75	0.49543	0.368302	0.256602	0.129429	0.339009	0.5478
0.75	0.478201	0.353357	0.261071	0.13168	0.332918	0.6044
0.75	0.476477	0.369676	0.224149	0.113078	0.284805	0.60845
0.75	0.469767	0.327972	0.301842	0.152213	0.37812	0.62295
0.75	0.486189	0.365209	0.248833	0.125515	0.322613	0.5831
0.75	0.472317	0.349006	0.261078	0.131684	0.328831	0.61765
0.75	0.473018	0.348655	0.262916	0.13261	0.331637	0.61615
0.75	0.478534	0.369151	0.22858	0.115311	0.291688	0.6036
0.75	0.45893	0.35398	0.228684	0.115364	0.279867	0.6433
0.75	0.478326	0.367294	0.232127	0.117098	0.296086	0.6041
0.75	0.472879	0.366966	0.223976	0.112991	0.282435	0.61645
0.75	0.476586	0.374332	0.214554	0.108244	0.272676	0.6082
0.75	0.487264	0.363406	0.254191	0.128215	0.330288	0.5798
0.75	0.486139	0.339276	0.302102	0.152344	0.391636	0.58325
0.75	0.4798	0.316418	0.34052	0.171685	0.435684	0.6005
0.75	0.474867	0.352043	0.25865	0.130461	0.327531	0.6121
0.75	0.483638	0.354193	0.267649	0.134994	0.345187	0.59045
0.75	0.455866	0.341776	0.250272	0.12624	0.304241	0.64855
0.75	0.465939	0.366366	0.213705	0.107815	0.265529	0.6305
0.75	0.48285	0.360249	0.253912	0.128074	0.326937	0.5926
0.75	0.48467	0.35422	0.269153	0.135751	0.347868	0.58755
0.75	0.484069	0.350839	0.27523	0.138812	0.355281	0.58925
0.75	0.434623	0.33098	0.238466	0.120292	0.276381	0.6808
0.75	0.468424	0.322783	0.310916	0.156782	0.388375	0.62565
0.75	0.482534	0.350936	0.272724	0.13755	0.35093	0.59345
0.75	0.47626	0.366027	0.231456	0.116761	0.293955	0.60895
0.75	0.482384	0.342334	0.290328	0.146416	0.373466	0.59385
0.75	0.483438	0.356291	0.263006	0.132655	0.339059	0.591
0.75	0.486072	0.366296	0.246418	0.124299	0.319405	0.58345
0.75	0.476456	0.340666	0.284999	0.143732	0.362105	0.6085
0.75	0.481874	0.351941	0.269641	0.135997	0.346488	0.5952
0.75	0.455866	0.366684	0.195631	0.0987058	0.237817	0.64855
0.75	0.479477	0.347543	0.275162	0.138778	0.351823	0.6013
0.75	0.459245	0.352491	0.232456	0.117265	0.284678	0.64275
0.75	0.45631	0.358586	0.214162	0.108046	0.260598	0.6478
0.75	0.471987	0.360314	0.2366	0.119352	0.297792	0.61835
0.75	0.470232	0.3518	0.251859	0.12704	0.315819	0.622
0.75	0.475513	0.36752	0.227108	0.114569	0.28798	0.61065
0.75	0.469816	0.356973	0.240186	0.121159	0.300915	0.62285
0.75	0.494265	0.342753	0.306539	0.154578	0.40403	0.55355
0.75	0.454186	0.366834	0.192326	0.0970401	0.232938	0.65135
0.75	0.459899	0.337376	0.266413	0.134371	0.326728	0.6416
0.75	0.472972	0.365897	0.226388	0.114207	0.285534	0.61625
0.75	0.465599	0.351324	0.245438	0.123805	0.304736	0.63115
0.75	0.483201	0.338986	0.298456	0.150508	0.384571	0.59165
0.75	0.484879	0.34746	0.28341	0.142932	0.366453	0.58695
0.75	0.451141	0.344641	0.236067	0.119084	0.283999	0.6563
0.75	0.47984	0.333272	0.305451	0.154031	0.390847	0.6004
0.75	0.477401	0.346798	0.27357	0.137976	0.348274	0.6063
0.75	0.464808	0.34366	0.260642	0.131464	0.323063	0.63265
0.75	0.49138	0.366652	0.253831	0.128033	0.332607	0.56565
0.75	0.478097	0.338426	0.29214	0.147328	0.372457	0.60465
0.75	0.48087	0.359675	0.252033	0.127128	0.323188	0.5978
0.75	0.458528	0.351066	0.234363	0.118225	0.286565	0.644
0.8	0.439518	0.323792	0.263301	0.132804	0.361642	0.6739
0.8	0.479069	0.33254	0.305863	0.154238	0.457904	0.6023
0.8	0.479638	0.361797	0.245688	0.123931	0.368254	0.6009
0.8	0.487296	0.334827	0.312888	0.157775	0.476465	0.5797
0.8	0.47818	0.33558	0.298216	0.150387	0.445628	0.60445
0.8	0.478118	0.342416	0.283825	0.143141	0.424068	0.6046
0.8	0.478243	0.365951	0.234801	0.118446	0.350913	0.6043
0.8	0.479456	0.362874	0.243154	0.122655	0.364318	0.60135
0.8	0.488034	0.364563	0.252996	0.127613	0.385845	0.57735
0.8	0.47419	0.354898	0.25157	0.126894	0.372788	0.6136
0.8	0.482497	0.327629	0.320971	0.161844	0.48396	0.59355
0.8	0.475513	0.345447	0.273527	0.137954	0.406455	0.61065
0.8	0.47992	0.348839	0.273131	0.137755	0.409628	0.6002
0.8	0.481721	0.350093	0.273246	0.137813	0.411338	0.5956
0.8	0.479335	0.361177	0.246504	0.124342	0.369244	0.60165
0.8	0.472949	0.355499	0.248335	0.125265	0.36703	0.6163
0.8	0.475756	0.353013	0.257996	0.130131	0.383572	0.6101
0.8	0.486222	0.345803	0.288796	0.145644	0.438809	0.583
0.8	0.475756	0.343339	0.27833	0.140373	0.413803	0.6101
0.8	0.482347	0.346243	0.282171	0.142308	0.425326	0.59395
0.8	0.46885	0.35011	0.253258	0.127745	0.371062	0.6248
0.8	0.465073	0.357159	0.232037	0.117053	0.337232	0.63215
0.8	0.480812	0.343932	0.284686	0.143574	0.42775	0.59795
0.8	0.48176	0.343541	0.286904	0.144691	0.431933	0.5955
0.8	0.489904	0.364679	0.25561	0.12893	0.391326	0.57105
0.8	0.476672	0.343386	0.279618	0.141022	0.416519	0.608
0.8	0.47678	0.342928	0.280743	0.141588	0.418289	0.60775
0.8	0.474867	0.351818	0.259123	0.130699	0.384529	0.6121
0.8	0.46764	0.325552	0.303841	0.15322	0.444026	0.6272
0.8	0.450922	0.351559	0.220356	0.111167	0.31051	0.65665
0.8	0.469074	0.326815	0.303275	0.152935	0.444558	0.62435
0.8	0.463523	0.35179	0.241051	0.121595	0.349164	0.63505
0.8	0.462407	0.355773	0.230607	0.116333	0.333232	0.6371
0.8	0.477443	0.373487	0.217735	0.109846	0.324863	0.6062
0.8	0.468324	0.328712	0.29811	0.150334	0.436288	0.62585
0.8	0.467666	0.341114	0.270602	0.136481	0.395473	0.62715
0.8	0.478803	0.360255	0.247593	0.124891	0.370463	0.60295
0.8	0.478285	0.360392	0.246491	0.124335	0.368415	0.6042
0.8	0.487375	0.341704	0.298889	0.150726	0.455222	0.57945
0.8	0.465678	0.340868	0.268018	0.13518	0.390031	0.631
0.8	0.477166	0.335954	0.295938	0.149241	0.441286	0.60685
0.8	0.483054	0.346478	0.282733	0.142591	0.426797	0.59205
0.8	0.481491	0.323295	0.328555	0.165662	0.494363	0.5962
0.8	0.489386	0.35354	0.277583	0.139997	0.424516	0.57285
0.8	0.459016	0.336318	0.267306	0.134821	0.38343	0.64315
0.8	0.463631	0.342777	0.26067	0.131478	0.37767	0.63485
0.8	0.468424	0.353793	0.244718	0.123442	0.358224	0.62565
0.8	0.474076	0.348569	0.26474	0.133528	0.392209	0.61385
0.8	0.469298	0.357622	0.237963	0.120039	0.348986	0.6239
0.8	0.47489	0.348046	0.267102	0.134718	0.396388	0.61205
0.8	0.462022	0.333533	0.278102	0.140259	0.401529	0.6378
0.8	0.468575	0.327303	0.301494	0.152038	0.441476	0.62535
0.8	0.473527	0.348589	0.263847	0.133079	0.390433	0.61505
0.8	0.483292	0.354166	0.26718	0.134758	0.403519	0.5914
0.8	0.453304	0.337631	0.255178	0.128712	0.361479	0.6528
0.85	0.479253	0.346152	0.277727	0.14007	0.521967	0.60185
0.85	0.469397	0.32701	0.30334	0.152968	0.558379	0.6237
0.85	0.482121	0.346541	0.281216	0.141827	0.531687	0.59455
0.85	0.476694	0.335129	0.296971	0.149761	0.555153	0.60795
0.85	0.447122	0.327412	0.267735	0.135037	0.469453	0.6626
0.85	0.476129	0.352783	0.259059	0.130667	0.483707	0.60925
0.85	0.457834	0.359003	0.215866	0.108905	0.387572	0.6452
0.85	0.482328	0.351995	0.270217	0.136287	0.51111	0.594
0.85	0.486991	0.343557	0.294532	0.148533	0.562489	0.58065
0.85	0.493014	0.331449	0.327709	0.165236	0.63359	0.5591
0.85	0.487264	0.338265	0.305787	0.1542	0.584309	0.5798
0.85	0.475202	0.33532	0.294363	0.148447	0.548556	0.61135
0.85	0.466122	0.337687	0.275538	0.138967	0.503665	0.63015
0.85	0.485854	0.310781	0.360341	0.18166	0.686562	0.5841
0.85	0.482102	0.345634	0.283068	0.14276	0.535167	0.5946
0.85	0.47992	0.332252	0.307693	0.155159	0.57909	0.6002
0.85	0.490437	0.313644	0.360479	0.181729	0.693302	0.56915
0.85	0.475535	0.346465	0.271421	0.136894	0.506158	0.6106
0.85	0.467869	0.33185	0.290719	0.146613	0.533405	0.62675
0.85	0.488974	0.347467	0.289395	0.145946	0.554927	0.57425
0.85	0.478576	0.346268	0.276461	0.139432	0.518853	0.6035
0.85	0.475225	0.334365	0.296406	0.149476	0.552391	0.6113
0.85	0.4801	0.339369	0.293127	0.147825	0.551884	0.59975
0.85	0.478823	0.364852	0.238024	0.12007	0.446946	0.6029
0.85	0.479618	0.353964	0.261989	0.132143	0.492764	0.60095
0.85	0.456222	0.341821	0.250756	0.126484	0.448628	0.64795
0.85	0.480418	0.345405	0.281031	0.141734	0.52946	0.59895
0.85	0.48298	0.339676	0.296707	0.149628	0.561974	0.59225
0.85	0.484229	0.35223	0.272596	0.137486	0.517644	0.5888
0.85	0.497299	0.33666	0.323022	0.162877	0.629954	0.53675
0.85	0.485311	0.324624	0.331101	0.166944	0.630145	0.5857
0.85	0.469124	0.33406	0.287908	0.145197	0.529664	0.62425
0.85	0.478055	0.346596	0.274986	0.138689	0.515523	0.60475
0.85	0.487407	0.361737	0.257833	0.130049	0.492822	0.57935
0.85	0.485105	0.3514	0.27562	0.139009	0.524332	0.5863
0.85	0.479659	0.336347	0.298777	0.15067	0.562004	0.60085
0.85	0.483365	0.36012	0.254973	0.128609	0.483314	0.5912
0.85	0.470887	0.314976	0.3311	0.166943	0.611414	0.62065
0.85	0.483926	0.338116	0.301305	0.151943	0.571801	0.58965
0.85	0.458902	0.330433	0.279947	0.141188	0.503796	0.64335
0.85	0.487391	0.348111	0.285767	0.144119	0.546197	0.5794
0.85	0.462681	0.331572	0.283368	0.142911	0.514152	0.6366
0.85	0.466641	0.342782	0.265427	0.133875	0.485722	0.62915
0.85	0.480536	0.345984	0.280004	0.141216	0.527654	0.59865
0.85	0.475866	0.334077	0.297959	0.150258	0.556033	0.60985
0.85	0.471511	0.351529	0.254462	0.128351	0.470516	0.61935
0.85	0.48309	0.32076	0.336024	0.169421	0.636588	0.59195
0.85	0.492908	0.341914	0.306331	0.154474	0.59213	0.55955
0.85	0.453213	0.356327	0.213774	0.10785	0.379942	0.65295
0.85	0.491795	0.324412	0.340352	0.1716	0.656407	0.56405
0.85	0.477992	0.343814	0.280712	0.141573	0.526188	0.6049
0.85	0.491406	0.344663	0.29862	0.150591	0.575466	0.56555
0.85	0.484247	0.317144	0.345079	0.173979	0.655307	0.58875
0.85	0.484792	0.338233	0.302314	0.152451	0.574742	0.5872
0.85	0.472692	0.334078	0.293243	0.147883	0.543583	0.61685
0.9	0.486072	0.332114	0.31674	0.159714	0.855326	0.58345
0.9	0.476758	0.344703	0.276986	0.139696	0.733641	0.6078
0.9	0.480733	0.332247	0.308873	0.155754	0.82492	0.59815
0.9	0.480576	0.334568	0.303817	0.153208	0.811152	0.59855
0.9	0.475866	0.33454	0.296986	0.149768	0.785141	0.60985
0.9	0.487848	0.350304	0.281941	0.142192	0.764134	0.57795
0.9	0.475291	0.33435	0.296536	0.149542	0.783005	0.61115
0.9	0.483035	0.345978	0.283742	0.143099	0.761429	0.5921
0.9	0.474372	0.313127	0.339912	0.171378	0.895803	0.6132
0.9	0.481931	0.346248	0.281539	0.14199	0.753792	0.59505
0.9	0.485821	0.341544	0.296975	0.149763	0.801537	0.5842
0.9	0.487344	0.337961	0.306523	0.15457	0.829901	0.57955
0.9	0.483692	0.338079	0.301045	0.151812	0.80896	0.5903
0.9	0.489718	0.331948	0.322165	0.162445	0.876501	0.5717
0.9	0.482196	0.354392	0.265045	0.133682	0.71002	0.59435
0.9	0.478513	0.352004	0.264379	0.133347	0.702827	0.60365
0.9	0.486601	0.327899	0.326145	0.164449	0.881681	0.58185
0.9	0.489151	0.343559	0.297642	0.150098	0.808844	0.57365
0.9	0.482366	0.347626	0.279331	0.140877	0.748553	0.5939
0.9	0.470742	0.349578	0.257389	0.129825	0.673132	0.62095
0.9	0.485838	0.347775	0.284173	0.143316	0.767011	0.58415
0.9	0.490519	0.350207	0.28605	0.144261	0.779516	0.56885
0.9	0.484247	0.334873	0.308465	0.155548	0.829852	0.58875
0.9	0.481026	0.337607	0.298153	0.150356	0.796775	0.5974
0.9	0.472739	0.357537	0.243689	0.122924	0.640008	0.61675
0.9	0.497881	0.34499	0.307082	0.154852	0.849392	0.53255
0.9	0.468499	0.340155	0.273948	0.138166	0.713025	0.6255
0.9	0.479456	0.351778	0.266297	0.134313	0.709321	0.60135
0.9	0.485871	0.342123	0.295858	0.1492	0.798604	0.58405
0.9	0.473596	0.332482	0.297963	0.15026	0.783967	0.6149
0.9	0.4951	0.361177	0.270496	0.136428	0.744014	0.5495
0.9	0.486667	0.350283	0.280239	0.141335	0.757684	0.58165
0.9	0.478555	0.329297	0.311892	0.157273	0.829207	0.60355
0.9	0.471559	0.335529	0.28847	0.14548	0.755724	0.61925
0.9	0.471844	0.327145	0.306667	0.154643	0.803883	0.61865
0.9	0.479719	0.335204	0.301249	0.151915	0.802861	0.6007
0.9	0.44611	0.332126	0.255507	0.128878	0.633245	0.66415
0.9	0.471032	0.326906	0.305978	0.154296	0.800696	0.62035
0.9	0.477123	0.322184	0.324735	0.163739	0.860772	0.60695
0.9	0.499731	0.356151	0.287314	0.144898	0.797666	0.5116
0.9	0.490256	0.339439	0.307629	0.155127	0.837872	0.5698
0.9	0.477613	0.345808	0.275966	0.139183	0.732248	0.6058
0.9	0.475046	0.326577	0.312536	0.157598	0.824829	0.6117
0.9	0.48507	0.326266	0.327384	0.165072	0.882245	0.5864
0.9	0.489018	0.361576	0.260609	0.131447	0.708013	0.5741
0.9	0.479375	0.331014	0.309488	0.156063	0.824226	0.60155
0.9	0.45482	0.321889	0.292271	0.147394	0.738505	0.6503
0.9	0.48309	0.314052	0.349912	0.176411	0.939105	0.59195
0.9	0.495257	0.345254	0.302879	0.152735	0.833348	0.5487
0.9	0.484265	0.345218	0.287129	0.144805	0.772481	0.5887
0.9	0.491834	0.314524	0.360507	0.181743	0.985053	0.5639
0.9	0.473481	0.347951	0.265123	0.133721	0.697391	0.61515
0.9	0.473917	0.334897	0.293342	0.147933	0.772332	0.6142
0.9	0.488341	0.360221	0.262359	0.132329	0.711783	0.57635
0.9	0.476694	0.336313	0.294489	0.148511	0.779895	0.60795
0.95	0.482515	0.31578	0.345555	0.174219	1.75511	0.5935
0.95	0.484442	0.329828	0.319158	0.160932	1.62751	0.5882
0.95	0.487675	0.318519	0.346863	0.174877	1.78059	0.5785
0.95	0.495178	0.325807	0.342041	0.17245	1.78286	0.5491
0.95	0.489918	0.340804	0.304365	0.153484	1.56962	0.571
0.95	0.493706	0.302105	0.388087	0.19562	2.01685	0.5561
0.95	0.487344	0.36763	0.245644	0.123909	1.26014	0.57955
0.95	0.488311	0.335367	0.313209	0.157936	1.60993	0.57645
0.95	0.485414	0.335998	0.307811	0.155219	1.5728	0.5854
0.95	0.479131	0.340805	0.2887	0.145596	1.45606	0.60215
0.95	0.472762	0.332002	0.29774	0.150148	1.48169	0.6167
0.95	0.493839	0.347752	0.29582	0.149181	1.53776	0.5555
0.95	0.495905	0.349686	0.294852	0.148694	1.53914	0.54525
0.95	0.475734	0.318365	0.330791	0.166787	1.65651	0.61015
0.95	0.478472	0.310174	0.351739	0.177331	1.77155	0.60375
0.95	0.485482	0.331902	0.316345	0.159515	1.61663	0.5852
0.95	0.472739	0.344343	0.271601	0.136984	1.35154	0.61675
0.95	0.457601	0.337883	0.261621	0.131958	1.26019	0.6456
0.95	0.492509	0.342324	0.304939	0.153773	1.5809	0.5612
0.95	0.491022	0.329015	0.329938	0.166358	1.70534	0.567
0.95	0.487168	0.326474	0.329853	0.166316	1.69152	0.5801
0.95	0.493388	0.33591	0.319176	0.160941	1.65766	0.5575
0.95	0.473871	0.33511	0.292824	0.147673	1.46064	0.6143
0.95	0.467027	0.30724	0.342136	0.172498	1.68197	0.6284
0.95	0.48869	0.346718	0.290515	0.14651	1.49444	0.5752
0.95	0.480929	0.324318	0.325644	0.164196	1.64854	0.59765
0.95	0.469372	0.319076	0.320205	0.161459	1.58206	0.62375
0.95	0.495832	0.346046	0.302089	0.152338	1.57669	0.54565
0.95	0.468474	0.331364	0.292673	0.147597	1.44326	0.62555
0.95	0.495923	0.339464	0.315489	0.159085	1.64693	0.54515
0.95	0.477273	0.342388	0.282616	0.142532	1.41984	0.6066
0.95	0.484949	0.327916	0.323814	0.163276	1.65298	0.58675
0.95	0.48989	0.327343	0.331803	0.167297	1.71102	0.5711
0.95	0.484757	0.348312	0.281472	0.141956	1.43627	0.5873
0.95	0.489804	0.353392	0.278503	0.140461	1.43592	0.5714
0.95	0.479172	0.326623	0.31836	0.16053	1.60578	0.60205
0.95	0.492776	0.352577	0.284509	0.143485	1.47578	0.5601
0.95	0.499935	0.337896	0.32412	0.16343	1.70567	0.5057
0.95	0.450388	0.318051	0.293828	0.148178	1.39302	0.6575
0.95	0.470573	0.330682	0.297277	0.149915	1.47253	0.6213
0.95	0.485821	0.359293	0.260441	0.131363	1.33187	0.5842
0.95	0.485328	0.31719	0.346441	0.174665	1.76987	0.58565
0.95	0.482758	0.327105	0.322425	0.162576	1.63846	0.59285
0.95	0.477123	0.330642	0.307008	0.154815	1.5419	0.60695
0.95	0.488509	0.349282	0.285004	0.143734	1.46554	0.5758
0.95	0.498937	0.35498	0.288527	0.145509	1.51534	0.52305
0.95	0.49643	0.352877	0.289172	0.145833	1.51109	0.54225
0.95	0.484336	0.330554	0.31751	0.160102	1.61875	0.5885
0.95	0.480694	0.332971	0.307313	0.154968	1.55498	0.59825
0.95	0.487312	0.341093	0.300051	0.151311	1.53914	0.57965
0.95	0.476041	0.328897	0.309099	0.155867	1.54888	0.60945
0.95	0.482007	0.332861	0.309426	0.156032	1.56995	0.59485
0.95	0.48791	0.32078	0.342544	0.172703	1.75927	0.57775
0.95	0.463523	0.334088	0.279241	0.140832	1.36247	0.63505
0.95	0.464436	0.309445	0.333717	0.16826	1.63147	0.63335