pbar	Ht	Hs	WrightsFst	WCFst	WCFstSimple	avgp
0.1	0.18	0.106076	0.410689	0.130286	0.207672	0.0777778
0.1	0.18	0.119132	0.338154	0.1185	0.20558	0.0853535
0.1	0.18	0.134463	0.252984	0.0661451	0.113889	0.0846465
0.1	0.18	0.0997123	0.446043	0.0959572	0.131561	0.0660606
0.1	0.18	0.163866	0.089634	0.124016	0.300278	0.124444
0.1	0.18	0.105138	0.415901	0.10467	0.154649	0.0716162
0.1	0.18	0.134325	0.25375	0.129533	0.260925	0.100808
0.1	0.18	0.123085	0.316192	0.0922257	0.154656	0.0822222
0.1	0.18	0.0865702	0.519054	0.0937682	0.111014	0.0564646
0.1	0.18	0.0959672	0.466849	0.0919244	0.120099	0.0627273
0.1	0.18	0.118742	0.340322	0.133457	0.240185	0.0888889
0.1	0.18	0.124301	0.309441	0.121719	0.222201	0.090303
0.1	0.18	0.148552	0.17471	0.147288	0.34463	0.119596
0.1	0.18	0.100292	0.44282	0.0670199	0.0862445	0.0617172
0.1	0.18	0.0915672	0.491293	0.0753159	0.0902169	0.0571717
0.1	0.18	0.1032	0.426666	0.0983197	0.140336	0.0689899
0.1	0.18	0.120245	0.331973	0.106037	0.179803	0.0832323
0.1	0.18	0.102963	0.427984	0.0942878	0.132937	0.0680808
0.1	0.18	0.136804	0.239976	0.106497	0.205693	0.0961616
0.1	0.18	0.110308	0.38718	0.0752578	0.108582	0.069798
0.1	0.18	0.105127	0.415961	0.124645	0.193943	0.0757576
0.1	0.18	0.0927365	0.484797	0.126347	0.17421	0.0664646
0.1	0.18	0.116892	0.350602	0.0800677	0.12382	0.0752525
0.1	0.18	0.110774	0.384587	0.121984	0.198592	0.079596
0.1	0.18	0.0925605	0.485775	0.0954467	0.121322	0.0609091
0.1	0.18	0.125854	0.300811	0.133516	0.254725	0.0948485
0.1	0.18	0.142856	0.206357	0.109475	0.222481	0.101818
0.1	0.18	0.122937	0.317017	0.0913459	0.152666	0.0819192
0.1	0.18	0.109308	0.392732	0.124373	0.201071	0.0789899
0.1	0.18	0.0867616	0.517991	0.109253	0.13477	0.0589899
0.1	0.18	0.115217	0.359904	0.12703	0.218011	0.0843434
0.1	0.18	0.117871	0.34516	0.0982325	0.160109	0.079697
0.1	0.18	0.097891	0.456161	0.143485	0.218877	0.0741414
0.1	0.18	0.125148	0.304731	0.0917723	0.156301	0.0836364
0.1	0.18	0.106789	0.406727	0.146214	0.245191	0.0822222
0.1	0.18	0.149496	0.169464	0.0735884	0.14333	0.0970707
0.1	0.18	0.115409	0.358841	0.107987	0.176619	0.08
0.1	0.18	0.116403	0.353314	0.0962108	0.154086	0.0781818
0.1	0.18	0.0988124	0.451042	0.0961584	0.130712	0.0654545
0.1	0.18	0.126901	0.294995	0.10214	0.180991	0.0873737
0.1	0.18	0.10062	0.441001	0.129362	0.195105	0.0732323
0.1	0.18	0.134916	0.250468	0.103724	0.196187	0.0939394
0.1	0.18	0.156688	0.129511	0.104013	0.22865	0.111313
0.1	0.18	0.126039	0.299782	0.0888668	0.151353	0.0836364
0.1	0.18	0.103235	0.42647	0.117295	0.175781	0.0727273
0.1	0.18	0.103093	0.427261	0.167001	0.287233	0.0845455
0.1	0.18	0.102083	0.432873	0.119129	0.177386	0.0722222
0.1	0.18	0.0827701	0.540166	0.122376	0.149018	0.0581818
0.1	0.18	0.0958984	0.467231	0.150742	0.229948	0.0741414
0.1	0.18	0.146244	0.187532	0.120109	0.256876	0.107879
0.1	0.18	0.101263	0.43743	0.121212	0.180022	0.0720202
0.1	0.18	0.0811463	0.549187	0.132774	0.162995	0.0586869
0.1	0.18	0.110416	0.386576	0.0906749	0.135887	0.0727273
0.1	0.18	0.129934	0.278143	0.126609	0.244767	0.0962626
0.1	0.18	0.0917753	0.490137	0.158027	0.23561	0.0723232
0.1	0.18	0.135474	0.247364	0.0938412	0.173893	0.0918182
0.1	0.18	0.119359	0.336896	0.0996398	0.16503	0.0811111
0.1	0.18	0.108541	0.396992	0.0918713	0.135739	0.0716162
0.1	0.18	0.136953	0.239151	0.0942169	0.176658	0.0930303
0.1	0.18	0.104897	0.417236	0.122691	0.1895	0.0751515
0.1	0.18	0.0886624	0.507431	0.0760987	0.0884259	0.0553535
0.1	0.18	0.0944567	0.475241	0.121551	0.168544	0.0668687
0.1	0.18	0.105396	0.414465	0.0903268	0.129102	0.0690909
0.1	0.18	0.115047	0.360848	0.101856	0.163512	0.0783838
0.1	0.18	0.107507	0.40274	0.0882458	0.128003	0.070202
0.1	0.18	0.12013	0.332611	0.115305	0.200036	0.0853535
0.1	0.18	0.102189	0.432286	0.121176	0.181597	0.0727273
0.1	0.18	0.10322	0.426555	0.0744776	0.100368	0.0648485
0.1	0.18	0.12376	0.312443	0.112795	0.20029	0.0875758
0.1	0.18	0.113722	0.368211	0.0826891	0.125187	0.0735354
0.1	0.18	0.113332	0.370379	0.13153	0.224752	0.0839394
0.1	0.18	0.0937971	0.478905	0.0795911	0.0986527	0.0592929
0.1	0.18	0.121993	0.322263	0.133898	0.247876	0.0917172
0.1	0.18	0.0905219	0.497101	0.112751	0.146423	0.0623232
0.1	0.18	0.0973676	0.459069	0.114212	0.160142	0.0676768
0.1	0.18	0.120309	0.331616	0.0865693	0.139955	0.0789899
0.1	0.18	0.122109	0.321617	0.11515	0.202978	0.0868687
0.1	0.18	0.111807	0.378847	0.137279	0.235088	0.0841414
0.1	0.18	0.143708	0.201621	0.111579	0.229346	0.103131
0.1	0.18	0.13234	0.264777	0.0885244	0.158175	0.0881818
0.1	0.18	0.0906275	0.496514	0.148684	0.213085	0.0692929
0.1	0.18	0.132417	0.264352	0.133819	0.268839	0.100505
0.1	0.18	0.107655	0.401915	0.09255	0.135852	0.0711111
0.1	0.18	0.0937052	0.479415	0.11088	0.148342	0.0643434
0.1	0.18	0.13549	0.247279	0.12057	0.239189	0.0990909
0.1	0.18	0.100237	0.443127	0.159912	0.261847	0.080101
0.1	0.18	0.108223	0.39876	0.0620926	0.0852521	0.0661616
0.1	0.18	0.0833012	0.537216	0.123022	0.151024	0.0586869
0.1	0.18	0.115373	0.359037	0.107654	0.175871	0.079899
0.1	0.18	0.106898	0.406124	0.0839278	0.119793	0.0689899
0.1	0.18	0.145748	0.190287	0.111112	0.231349	0.104646
0.1	0.18	0.0897092	0.501615	0.109724	0.140118	0.0612121
0.1	0.18	0.0788996	0.561669	0.0732875	0.075283	0.0485859
0.1	0.18	0.127949	0.289171	0.129882	0.249446	0.0955556
0.1	0.18	0.0938644	0.478531	0.113606	0.153321	0.0649495
0.1	0.18	0.125842	0.300879	0.0926377	0.158986	0.0843434
0.1	0.18	0.0960759	0.466245	0.127563	0.182816	0.0692929
0.1	0.18	0.113055	0.371918	0.0675723	0.0981458	0.070303
0.1	0.18	0.101731	0.434828	0.0974811	0.136872	0.0677778
0.1	0.18	0.120263	0.331871	0.102464	0.17221	0.0824242
0.1	0.18	0.105116	0.41602	0.121437	0.187331	0.0750505
0.1	0.18	0.0956826	0.46843	0.104978	0.141266	0.0647475
0.1	0.18	0.113854	0.36748	0.104119	0.166357	0.0779798
0.1	0.18	0.0989884	0.450065	0.0778088	0.101352	0.0625253
0.1	0.18	0.0975023	0.458321	0.100365	0.136039	0.0652525
0.1	0.18	0.158883	0.117318	0.129761	0.309362	0.122222
0.1	0.18	0.101128	0.438178	0.134897	0.20758	0.0748485
0.1	0.18	0.073289	0.592839	0.109785	0.114552	0.0493939
0.1	0.18	0.122684	0.31842	0.137553	0.258667	0.0933333
0.1	0.18	0.107271	0.404049	0.0720087	0.100268	0.0671717
0.1	0.18	0.120324	0.331531	0.103147	0.173744	0.0826263
0.1	0.18	0.0976247	0.45764	0.105537	0.145106	0.0662626
0.1	0.18	0.10528	0.415111	0.120377	0.185467	0.0749495
0.1	0.18	0.10987	0.389612	0.10036	0.153284	0.0742424
0.1	0.18	0.13714	0.238113	0.119398	0.239011	0.100101
0.1	0.18	0.115898	0.35612	0.121946	0.20769	0.0836364
0.1	0.18	0.125234	0.304255	0.102791	0.180048	0.0862626
0.1	0.18	0.102603	0.429982	0.0883337	0.122312	0.0667677
0.1	0.18	0.0882767	0.509574	0.167637	0.24736	0.0715152
0.1	0.18	0.112522	0.374877	0.0962627	0.149048	0.0753535
0.1	0.18	0.120415	0.331029	0.110205	0.189136	0.0843434
0.1	0.18	0.0775069	0.569406	0.13507	0.159374	0.0562626
0.1	0.18	0.101679	0.435117	0.144342	0.229255	0.0774747
0.1	0.18	0.145514	0.191588	0.12721	0.275862	0.109596
0.1	0.18	0.139744	0.223642	0.108655	0.215552	0.0990909
0.1	0.18	0.10266	0.429667	0.143041	0.228544	0.0779798
0.1	0.18	0.117551	0.346937	0.126367	0.220873	0.0860606
0.1	0.18	0.13315	0.26028	0.078579	0.13793	0.0864646
0.1	0.18	0.0940021	0.477766	0.132125	0.187564	0.0685859
0.1	0.18	0.118818	0.339897	0.108984	0.183983	0.0828283
0.1	0.18	0.117934	0.344812	0.0956768	0.15504	0.0791919
0.1	0.18	0.122259	0.320784	0.0913033	0.151738	0.0814141
0.1	0.18	0.0737955	0.590025	0.0579224	0.0537163	0.0436364
0.1	0.18	0.117337	0.348128	0.132508	0.235049	0.0874747
0.1	0.18	0.0939363	0.478131	0.0796378	0.0988681	0.0593939
0.1	0.18	0.113609	0.36884	0.140426	0.24649	0.0864646
0.1	0.18	0.114536	0.363687	0.0743117	0.11108	0.0725253
0.1	0.18	0.10573	0.412611	0.12973	0.2058	0.0773737
0.1	0.18	0.111991	0.377827	0.140597	0.243391	0.0851515
0.1	0.18	0.148222	0.176547	0.114338	0.24413	0.107677
0.1	0.18	0.113725	0.368194	0.0740429	0.109825	0.0719192
0.1	0.18	0.103613	0.42437	0.0866025	0.120589	0.0671717
0.1	0.18	0.112216	0.376577	0.0882154	0.133554	0.0735354
0.1	0.18	0.115938	0.355899	0.120147	0.203729	0.0832323
0.1	0.18	0.122753	0.318037	0.140487	0.26649	0.0942424
0.1	0.18	0.126931	0.294825	0.133865	0.257822	0.0958586
0.1	0.18	0.103006	0.427745	0.0802245	0.109365	0.0656566
0.1	0.18	0.117894	0.345033	0.0800878	0.124919	0.0759596
0.1	0.18	0.0936257	0.479858	0.128524	0.179961	0.0675758
0.1	0.18	0.11726	0.348553	0.0843727	0.132244	0.0763636
0.1	0.18	0.0900245	0.499864	0.100955	0.126531	0.06
0.1	0.18	0.11496	0.361332	0.0721868	0.107765	0.0724242
0.1	0.18	0.133032	0.260934	0.115543	0.222116	0.0956566
0.1	0.18	0.131335	0.270364	0.109722	0.205129	0.0927273
0.1	0.18	0.126136	0.299247	0.138204	0.267682	0.0964646
0.1	0.18	0.102629	0.429837	0.0817588	0.111457	0.0656566
0.1	0.18	0.0855112	0.524938	0.107954	0.130814	0.0578788
0.1	0.18	0.0915901	0.491166	0.115158	0.152262	0.0635354
0.1	0.18	0.130802	0.273322	0.103531	0.189759	0.0907071
0.1	0.18	0.104417	0.419906	0.114886	0.173052	0.0731313
0.1	0.18	0.133682	0.257321	0.0821883	0.146093	0.0876768
0.1	0.18	0.0843786	0.53123	0.111875	0.13512	0.0576768
0.1	0.18	0.103822	0.423214	0.112642	0.167727	0.0722222
0.1	0.18	0.136414	0.242144	0.103521	0.197876	0.0950505
0.1	0.18	0.0851301	0.527055	0.0844079	0.0960564	0.0541414
0.1	0.18	0.0839118	0.533823	0.0799965	0.0887909	0.0527273
0.1	0.18	0.134317	0.253792	0.0899957	0.163792	0.09
0.1	0.18	0.133646	0.257525	0.102855	0.192291	0.0927273
0.1	0.18	0.123326	0.314857	0.142919	0.274224	0.0954545
0.1	0.18	0.121723	0.323759	0.119565	0.212532	0.0876768
0.1	0.18	0.113953	0.366927	0.0781033	0.117197	0.0728283
0.1	0.18	0.107017	0.40546	0.0965525	0.142284	0.0714141
0.1	0.18	0.0858662	0.522965	0.101094	0.120895	0.0570707
0.1	0.18	0.0852388	0.526451	0.071026	0.0784063	0.0524242
0.1	0.18	0.114265	0.365192	0.0864407	0.132685	0.0746465
0.1	0.18	0.143399	0.203338	0.0969569	0.191647	0.0986869
0.1	0.18	0.126019	0.299893	0.0947051	0.163594	0.0849495
0.1	0.18	0.132837	0.262014	0.0916197	0.165566	0.0892929
0.1	0.18	0.0980777	0.455124	0.0872873	0.115239	0.0634343
0.1	0.18	0.129503	0.280541	0.130617	0.254408	0.0970707
0.1	0.18	0.0830747	0.538474	0.0951541	0.108476	0.0542424
0.1	0.18	0.110548	0.385845	0.12622	0.207392	0.080404
0.1	0.18	0.128231	0.287607	0.12695	0.24243	0.0949495
0.1	0.18	0.113283	0.370651	0.147047	0.262199	0.0879798
0.1	0.18	0.123238	0.315342	0.0842647	0.138772	0.0806061
0.1	0.18	0.123255	0.315248	0.0902877	0.150898	0.0819192
0.1	0.18	0.086105	0.521639	0.0728804	0.0816239	0.0532323
0.1	0.18	0.113984	0.366757	0.107847	0.17415	0.0788889
0.1	0.18	0.0929966	0.483352	0.0658024	0.0782977	0.0567677
0.1	0.18	0.112279	0.376229	0.106325	0.168469	0.0772727
0.1	0.18	0.106331	0.409269	0.122652	0.19201	0.0762626
0.1	0.18	0.108254	0.39859	0.110138	0.169901	0.0750505
0.1	0.18	0.11069	0.385054	0.0983807	0.150637	0.0744444
0.1	0.18	0.13097	0.272387	0.11898	0.22721	0.0949495
0.1	0.18	0.127501	0.291662	0.0943112	0.164668	0.0859596
0.1	0.18	0.119077	0.33846	0.0969196	0.159065	0.080303
0.1	0.18	0.103012	0.427711	0.10388	0.150079	0.069899
0.1	0.18	0.101835	0.43425	0.106829	0.153721	0.069596
0.1	0.18	0.0772651	0.57075	0.12609	0.144752	0.0546465
0.1	0.18	0.116556	0.352464	0.146	0.267063	0.0905051
0.1	0.18	0.121996	0.322246	0.132433	0.244191	0.0913131
0.1	0.18	0.0922436	0.487535	0.126221	0.173053	0.0660606
0.1	0.18	0.107975	0.400138	0.164973	0.295384	0.0883838
0.1	0.18	0.113919	0.367114	0.107148	0.172617	0.0786869
0.1	0.18	0.108932	0.394824	0.0919965	0.136455	0.0719192
0.1	0.18	0.0923477	0.486957	0.135112	0.189971	0.0678788
0.1	0.18	0.110924	0.383753	0.0664915	0.0945198	0.0686869
0.1	0.18	0.110289	0.387282	0.109556	0.171924	0.0764646
0.1	0.18	0.100497	0.441681	0.106706	0.151479	0.0685859
0.1	0.18	0.106719	0.407118	0.0950323	0.139129	0.0709091
0.1	0.18	0.0973462	0.459188	0.0915781	0.121263	0.0636364
0.1	0.18	0.120424	0.330978	0.140385	0.26117	0.0922222
0.1	0.18	0.112429	0.375395	0.085863	0.129499	0.0732323
0.1	0.18	0.0998102	0.445499	0.102331	0.142689	0.0672727
0.1	0.18	0.13004	0.277557	0.145756	0.297255	0.102222
0.1	0.18	0.11487	0.361834	0.10247	0.164498	0.0783838
0.1	0.18	0.115517	0.358237	0.0949698	0.150478	0.0772727
0.1	0.18	0.0874258	0.514301	0.131015	0.172457	0.0632323
0.1	0.18	0.100638	0.440899	0.0916249	0.125443	0.0659596
0.1	0.18	0.0954989	0.46945	0.0975415	0.128586	0.0633333
0.1	0.18	0.0794934	0.55837	0.101391	0.112334	0.0526263
0.1	0.18	0.110416	0.386576	0.0906749	0.135887	0.0727273
0.1	0.18	0.090378	0.4979	0.078733	0.0938403	0.0568687
0.1	0.18	0.0953535	0.470258	0.0987508	0.130374	0.0634343
0.1	0.18	0.106235	0.409805	0.0870668	0.124442	0.0690909
0.1	0.18	0.125871	0.300718	0.0866923	0.146676	0.0830303
0.1	0.18	0.102608	0.429956	0.0978979	0.138786	0.0684848
0.1	0.18	0.128878	0.28401	0.128249	0.247007	0.0958586
0.1	0.18	0.113982	0.366765	0.118971	0.19772	0.0814141
0.1	0.18	0.0935231	0.480427	0.105281	0.138583	0.0632323
0.1	0.18	0.140415	0.219918	0.100235	0.195593	0.0972727
0.1	0.18	0.0767019	0.573879	0.0868035	0.0895188	0.0487879
0.1	0.18	0.117127	0.349293	0.133548	0.23714	0.0875758
0.1	0.18	0.0894552	0.503027	0.105962	0.133642	0.060404
0.1	0.18	0.111044	0.38309	0.123681	0.202753	0.080202
0.1	0.18	0.153153	0.149151	0.152461	0.373255	0.126061
0.1	0.18	0.111321	0.381551	0.105904	0.166193	0.0764646
0.1	0.18	0.10579	0.412279	0.0814217	0.114323	0.0677778
0.1	0.18	0.119741	0.33477	0.0992662	0.164785	0.0813131
0.1	0.18	0.111186	0.382299	0.120139	0.195361	0.0794949
0.1	0.18	0.136599	0.241115	0.128538	0.262598	0.102424
0.1	0.18	0.116514	0.352702	0.105144	0.172365	0.080202
0.1	0.18	0.108124	0.399313	0.0971102	0.144786	0.0723232
0.1	0.18	0.0902189	0.498784	0.151677	0.218255	0.069596
0.1	0.18	0.11841	0.342167	0.151196	0.285152	0.0936364
0.1	0.18	0.0970983	0.460565	0.0962001	0.128513	0.0642424
0.1	0.18	0.13228	0.265109	0.118794	0.229013	0.0959596
0.1	0.18	0.12575	0.301389	0.0955714	0.16509	0.0849495
0.1	0.18	0.100054	0.444147	0.135152	0.205907	0.0740404
0.1	0.18	0.114065	0.366306	0.146443	0.262476	0.0884848
0.1	0.18	0.0949373	0.472571	0.109755	0.148337	0.0650505
0.1	0.18	0.097715	0.457139	0.115495	0.163062	0.0681818
0.1	0.18	0.120253	0.33193	0.0920038	0.150651	0.080101
0.1	0.18	0.0912152	0.493249	0.0969475	0.121891	0.060202
0.1	0.18	0.123059	0.316337	0.112563	0.198625	0.0869697
0.1	0.18	0.102562	0.430211	0.0913677	0.127401	0.0672727
0.1	0.18	0.11125	0.381942	0.11179	0.177977	0.0776768
0.1	0.18	0.134931	0.250383	0.114058	0.221535	0.0967677
0.1	0.18	0.159019	0.116561	0.139889	0.343182	0.126364
0.1	0.18	0.0932384	0.482009	0.0773688	0.0948259	0.0585859
0.1	0.18	0.0862596	0.52078	0.132652	0.173049	0.0626263
0.1	0.18	0.107603	0.402204	0.122266	0.193495	0.0771717
0.1	0.18	0.117225	0.348748	0.085001	0.133391	0.0764646
0.1	0.18	0.119024	0.338758	0.111751	0.190328	0.0836364
0.1	0.18	0.114066	0.366298	0.0922276	0.143327	0.0756566
0.1	0.18	0.138965	0.22797	0.0957209	0.182793	0.0949495
0.1	0.18	0.116402	0.353323	0.119048	0.202088	0.0833333
0.1	0.18	0.0981803	0.454554	0.124964	0.181746	0.070404
0.1	0.18	0.0910973	0.493904	0.0877405	0.107712	0.0586869
0.1	0.18	0.118361	0.34244	0.135007	0.243225	0.0889899
0.1	0.18	0.0880181	0.511011	0.129068	0.170147	0.0633333
0.1	0.18	0.102268	0.431844	0.156576	0.259038	0.0810101
0.1	0.18	0.0984573	0.453015	0.0794397	0.10332	0.0624242
0.1	0.18	0.102522	0.430432	0.112993	0.166294	0.0713131
0.1	0.18	0.0981803	0.454554	0.0922973	0.12348	0.0643434
0.1	0.18	0.122854	0.317476	0.0812472	0.132425	0.079697
0.1	0.18	0.0963743	0.464587	0.114409	0.158862	0.0669697
0.1	0.18	0.0909183	0.494898	0.0944355	0.117613	0.059596
0.1	0.18	0.105583	0.413427	0.0939931	0.135795	0.069899
0.1	0.18	0.0939578	0.478012	0.0861285	0.108628	0.060404
0.1	0.18	0.106529	0.408173	0.0957524	0.140184	0.0709091
0.1	0.18	0.105978	0.411234	0.124363	0.194925	0.0763636
0.1	0.18	0.114578	0.363458	0.0982646	0.155698	0.0772727
0.1	0.18	0.140098	0.221678	0.132439	0.280443	0.106667
0.1	0.18	0.102319	0.431563	0.137773	0.216205	0.0764646
0.1	0.18	0.130598	0.274453	0.102152	0.186293	0.090202
0.1	0.18	0.108753	0.395818	0.111224	0.172848	0.0756566
0.1	0.18	0.101912	0.433825	0.0911092	0.126155	0.0667677
0.1	0.18	0.10635	0.409167	0.121667	0.190005	0.0760606
0.1	0.18	0.114703	0.362761	0.11438	0.189014	0.0809091
0.1	0.18	0.106752	0.406931	0.153301	0.262238	0.0840404
0.1	0.18	0.106905	0.406081	0.090004	0.130379	0.070101
0.1	0.18	0.0912749	0.492917	0.0998241	0.126492	0.0607071
0.1	0.18	0.117291	0.348383	0.101593	0.166161	0.08
0.1	0.18	0.153627	0.146516	0.109889	0.240416	0.110707
0.1	0.18	0.10431	0.420501	0.0978143	0.140938	0.069697
0.1	0.18	0.132713	0.262703	0.0973332	0.178221	0.0906061
0.1	0.18	0.120912	0.328266	0.141395	0.26486	0.0929293
0.1	0.18	0.110663	0.385207	0.116578	0.186925	0.0782828
0.1	0.18	0.107559	0.40245	0.0660112	0.0908894	0.0663636
0.1	0.18	0.121575	0.324584	0.15515	0.303873	0.0976768
0.1	0.18	0.0855219	0.524878	0.105968	0.127776	0.0575758
0.1	0.18	0.121241	0.326438	0.14077	0.263945	0.0930303
0.1	0.18	0.0915274	0.491514	0.144235	0.206152	0.0690909
0.1	0.18	0.125352	0.3036	0.111858	0.200693	0.0885859
0.1	0.18	0.100874	0.43959	0.0952725	0.13192	0.0667677
0.1	0.18	0.10388	0.422891	0.0711366	0.0957265	0.0647475
0.1	0.18	0.0912795	0.492892	0.0875818	0.10769	0.0587879
0.1	0.18	0.112424	0.375421	0.0884921	0.134312	0.0737374
0.1	0.18	0.102704	0.42942	0.0969692	0.137281	0.0683838
0.1	0.18	0.105003	0.41665	0.135326	0.216474	0.0780808
0.1	0.18	0.110833	0.384264	0.0953383	0.145068	0.0739394
0.1	0.18	0.108719	0.396006	0.134498	0.222259	0.0809091
0.1	0.18	0.0885813	0.507882	0.0757576	0.0878783	0.0552525
0.1	0.18	0.117943	0.344761	0.127496	0.224267	0.0866667
0.1	0.18	0.109229	0.393174	0.142918	0.242875	0.0834343
0.1	0.18	0.101094	0.438365	0.0955242	0.13264	0.0669697
0.1	0.18	0.117103	0.349429	0.115908	0.196323	0.0831313
0.1	0.18	0.109988	0.388957	0.0880412	0.130588	0.0719192
0.1	0.18	0.102244	0.43198	0.126697	0.192784	0.0739394
0.1	0.18	0.108659	0.396337	0.12218	0.195214	0.0779798
0.1	0.18	0.14929	0.170612	0.124497	0.274982	0.111919
0.1	0.18	0.0621059	0.654967	0.0976118	0.0836985	0.040202
0.1	0.18	0.12584	0.300888	0.11626	0.211808	0.090101
0.1	0.18	0.11062	0.385445	0.0807801	0.118419	0.0710101
0.1	0.18	0.124631	0.307605	0.0645785	0.102691	0.0775758
0.1	0.18	0.101615	0.435474	0.0829093	0.112216	0.0651515
0.1	0.18	0.135791	0.245604	0.132659	0.272438	0.10303
0.1	0.18	0.108188	0.398956	0.0958295	0.142509	0.0721212
0.1	0.18	0.104452	0.419711	0.109281	0.162303	0.0720202
0.1	0.18	0.102383	0.431206	0.119969	0.179558	0.0726263
0.1	0.18	0.109971	0.38905	0.102971	0.158453	0.0748485
0.1	0.18	0.0908571	0.495239	0.133919	0.184651	0.0664646
0.1	0.18	0.088771	0.506828	0.0627861	0.070822	0.0536364
0.1	0.18	0.159662	0.11299	0.117272	0.27179	0.118283
0.1	0.18	0.106087	0.41063	0.109225	0.164734	0.0732323
0.1	0.18	0.126238	0.298677	0.13689	0.264394	0.0961616
0.1	0.18	0.0945072	0.47496	0.0856527	0.108535	0.0607071
0.1	0.18	0.106077	0.410681	0.115117	0.176264	0.0744444
0.1	0.18	0.109356	0.392468	0.145233	0.248709	0.0841414
0.1	0.18	0.125819	0.301007	0.123162	0.228452	0.0919192
0.1	0.18	0.149504	0.169421	0.0898572	0.181969	0.101414
0.1	0.18	0.149048	0.171955	0.101628	0.211242	0.104444
0.1	0.18	0.086809	0.517728	0.119404	0.151302	0.0607071
0.1	0.18	0.11728	0.348442	0.136851	0.245536	0.0885859
0.1	0.18	0.137006	0.238853	0.120788	0.242443	0.100404
0.1	0.18	0.127268	0.292955	0.0834861	0.14172	0.0833333
0.1	0.18	0.119484	0.336199	0.142487	0.26456	0.0920202
0.1	0.18	0.0983976	0.453347	0.105208	0.145677	0.0667677
0.1	0.18	0.100803	0.439981	0.0932687	0.12842	0.0663636
0.1	0.18	0.109466	0.391856	0.0851533	0.12483	0.0710101
0.1	0.18	0.0883532	0.509149	0.121455	0.157489	0.0622222
0.1	0.18	0.0962152	0.465471	0.164255	0.261506	0.0776768
0.1	0.18	0.114273	0.36515	0.107312	0.173489	0.0789899
0.1	0.18	0.094573	0.474594	0.117868	0.16206	0.0662626
0.1	0.18	0.109475	0.391805	0.0925992	0.138238	0.0724242
0.1	0.18	0.103897	0.422797	0.0917319	0.129689	0.0682828
0.1	0.18	0.103719	0.423783	0.13326	0.209376	0.0765657
0.1	0.18	0.10244	0.430891	0.0872508	0.120304	0.0664646
0.1	0.18	0.128173	0.28793	0.0873344	0.150699	0.0848485
0.1	0.18	0.072764	0.595756	0.0944493	0.094145	0.0470707
0.1	0.18	0.13112	0.271554	0.0977194	0.17695	0.0894949
0.1	0.18	0.0915595	0.491336	0.111833	0.146549	0.0629293
0.1	0.18	0.107436	0.403131	0.0874175	0.126464	0.07
0.1	0.18	0.0670171	0.627683	0.068904	0.0595091	0.0405051
0.1	0.18	0.0876676	0.512958	0.110173	0.137649	0.059798
0.1	0.18	0.080251	0.554161	0.0800368	0.0849682	0.050303
0.1	0.18	0.102545	0.430305	0.103021	0.147843	0.0693939
0.1	0.18	0.121428	0.3254	0.0963621	0.16105	0.0819192
0.1	0.18	0.106084	0.410647	0.161737	0.281794	0.0857576
0.1	0.18	0.10097	0.439054	0.0607328	0.077556	0.0612121
0.1	0.18	0.108041	0.399772	0.163728	0.292245	0.0880808
0.1	0.18	0.109322	0.392656	0.114846	0.181099	0.0768687
0.1	0.18	0.118344	0.342533	0.0904473	0.145198	0.0783838
0.1	0.18	0.106302	0.409431	0.143029	0.236625	0.0810101
0.1	0.18	0.116178	0.354564	0.132682	0.233142	0.0865657
0.1	0.18	0.116492	0.352821	0.104306	0.170599	0.08
0.1	0.18	0.100453	0.441928	0.109542	0.156565	0.0690909
0.1	0.18	0.101734	0.434811	0.144997	0.230845	0.0776768
0.1	0.18	0.108491	0.397272	0.133175	0.218819	0.080404
0.1	0.18	0.0792241	0.559866	0.112559	0.127867	0.0540404
0.1	0.18	0.107349	0.403615	0.106075	0.160592	0.0735354
0.1	0.18	0.107193	0.404483	0.109607	0.167199	0.0741414
0.1	0.18	0.103797	0.42335	0.0823706	0.113735	0.0665657
0.1	0.18	0.0910346	0.494252	0.120305	0.160244	0.0640404
0.1	0.18	0.102808	0.428842	0.112419	0.165666	0.0714141
0.1	0.18	0.100546	0.441409	0.0836888	0.112291	0.0645455
0.1	0.18	0.109229	0.393174	0.0833136	0.121331	0.0705051
0.1	0.18	0.106971	0.405715	0.131973	0.213109	0.0788889
0.1	0.18	0.112262	0.376322	0.113318	0.18277	0.0787879
0.1	0.18	0.103675	0.42403	0.117137	0.176217	0.0730303
0.1	0.18	0.0880701	0.510722	0.0881153	0.104672	0.0566667
0.1	0.18	0.114481	0.363993	0.119881	0.200581	0.0820202
0.1	0.18	0.127065	0.294086	0.113308	0.206846	0.090303
0.1	0.18	0.12244	0.31978	0.0841048	0.137558	0.08
0.1	0.18	0.10054	0.441443	0.116965	0.170564	0.0706061
0.1	0.18	0.0916468	0.490851	0.126516	0.172471	0.0656566
0.1	0.18	0.102274	0.43181	0.107765	0.156108	0.070101
0.1	0.18	0.104236	0.420909	0.102358	0.149066	0.0705051
0.1	0.18	0.102853	0.428596	0.0958334	0.135488	0.0682828
0.1	0.18	0.0809428	0.550318	0.079613	0.0851609	0.0507071
0.1	0.18	0.12154	0.32478	0.0793883	0.127444	0.0783838
0.1	0.18	0.0803321	0.553711	0.0866792	0.0935932	0.0512121
0.1	0.18	0.103696	0.423911	0.0792166	0.108454	0.0659596
0.1	0.18	0.114904	0.361647	0.134782	0.235582	0.0860606
0.1	0.18	0.0761647	0.576863	0.0754956	0.0752524	0.0470707
0.1	0.18	0.133923	0.255986	0.114425	0.220797	0.0960606
0.1	0.18	0.0955739	0.469034	0.142028	0.210665	0.0719192
0.1	0.18	0.0980441	0.455311	0.112604	0.158325	0.0678788
0.1	0.18	0.128339	0.287003	0.100136	0.178551	0.0879798
0.1	0.18	0.144193	0.198925	0.0860207	0.166455	0.0963636
0.1	0.18	0.106061	0.410774	0.128572	0.203964	0.0773737
0.1	0.18	0.123871	0.31183	0.118798	0.214461	0.0891919
0.1	0.18	0.126616	0.296577	0.0743297	0.12283	0.0809091
0.1	0.18	0.138381	0.231218	0.0763063	0.138456	0.089697
0.1	0.18	0.120268	0.331845	0.130639	0.236319	0.0893939
0.1	0.18	0.101099	0.43834	0.143387	0.225833	0.0767677
0.1	0.18	0.126197	0.298907	0.131815	0.251001	0.0946465
0.1	0.18	0.138661	0.229662	0.0992757	0.190844	0.0956566
0.1	0.18	0.108332	0.398157	0.11695	0.18375	0.0765657
0.1	0.18	0.144527	0.197072	0.13988	0.311879	0.113131
0.1	0.18	0.132605	0.263306	0.112749	0.214491	0.0945455
0.1	0.18	0.104625	0.41875	0.112144	0.168061	0.0727273
0.1	0.18	0.100883	0.439538	0.125536	0.187891	0.0726263
0.1	0.18	0.13917	0.226831	0.11272	0.225034	0.099798
0.1	0.18	0.0926538	0.485257	0.113551	0.151248	0.0640404
0.1	0.18	0.118753	0.340263	0.0826258	0.130605	0.0770707
0.1	0.18	0.112308	0.376067	0.13763	0.236972	0.0846465
0.1	0.18	0.120061	0.332993	0.0912407	0.148885	0.079798
0.1	0.18	0.118457	0.341904	0.110172	0.18599	0.0828283
0.1	0.18	0.102377	0.43124	0.139315	0.219683	0.0768687
0.1	0.18	0.0903949	0.497806	0.0980463	0.122497	0.059798
0.1	0.18	0.116705	0.351639	0.0733613	0.111487	0.0738384
0.1	0.18	0.0746235	0.585425	0.101132	0.105115	0.0491919
0.1	0.18	0.120794	0.328921	0.127503	0.229706	0.0889899
0.1	0.18	0.103857	0.423018	0.171985	0.302524	0.0866667
0.1	0.18	0.13309	0.260611	0.104119	0.194463	0.0926263
0.1	0.18	0.077435	0.569806	0.0947735	0.100613	0.050303
0.1	0.18	0.101717	0.434905	0.115025	0.168842	0.0711111
0.1	0.18	0.103407	0.425518	0.0809867	0.111036	0.0660606
0.1	0.18	0.0959657	0.466857	0.123927	0.175687	0.0684848
0.1	0.18	0.10124	0.437557	0.104341	0.148324	0.0686869
0.1	0.18	0.129354	0.281366	0.111806	0.206978	0.0917172
0.1	0.18	0.100329	0.442616	0.129492	0.194804	0.0730303
0.1	0.18	0.129114	0.282701	0.0985554	0.176098	0.0881818
0.1	0.18	0.113792	0.36782	0.0976412	0.153412	0.0765657
0.1	0.18	0.0891445	0.504753	0.102978	0.128456	0.059697
0.1	0.18	0.115947	0.355848	0.140608	0.252018	0.0884848
0.1	0.18	0.102836	0.428689	0.121199	0.182793	0.0732323
0.1	0.18	0.119288	0.337287	0.105247	0.176688	0.0823232
0.1	0.18	0.117903	0.344982	0.133791	0.239304	0.0882828
0.1	0.18	0.120193	0.332262	0.125129	0.222885	0.0878788
0.1	0.18	0.0905908	0.496718	0.0798445	0.0956415	0.0571717
0.1	0.18	0.0705341	0.608144	0.08389	0.0790003	0.0443434
0.1	0.18	0.0883211	0.509327	0.13108	0.17434	0.0639394
0.1	0.18	0.0885859	0.507856	0.129429	0.17189	0.0638384
0.1	0.18	0.0983104	0.453831	0.0614612	0.0765455	0.059596
0.1	0.18	0.142429	0.208729	0.117028	0.241795	0.103737
0.1	0.18	0.0918993	0.489448	0.0983364	0.124995	0.0609091
0.1	0.18	0.106246	0.409746	0.0737193	0.102076	0.0667677
0.1	0.18	0.101771	0.434607	0.135289	0.209731	0.0754545
0.1	0.18	0.0886058	0.507746	0.082813	0.0977141	0.0562626
0.1	0.18	0.0856811	0.523994	0.0680137	0.0749443	0.0523232
0.1	0.18	0.110332	0.387044	0.122179	0.198217	0.0792929
0.1	0.18	0.135337	0.248129	0.0966456	0.180152	0.0924242
0.1	0.18	0.104135	0.421471	0.120744	0.184187	0.0741414
0.1	0.18	0.111679	0.379562	0.106542	0.168005	0.0768687
0.1	0.18	0.0981068	0.454962	0.0973076	0.131704	0.0651515
0.1	0.18	0.100583	0.441205	0.0941579	0.129644	0.0663636
0.1	0.18	0.116093	0.35504	0.132175	0.231762	0.0863636
0.1	0.18	0.103439	0.425339	0.0692004	0.0923092	0.0641414
0.1	0.18	0.13891	0.228276	0.077258	0.141036	0.090303
0.1	0.18	0.0951408	0.47144	0.0917557	0.118797	0.0621212
0.1	0.18	0.114014	0.366587	0.0831971	0.126434	0.0738384
0.1	0.18	0.0919972	0.488904	0.0941291	0.118533	0.060303
0.1	0.18	0.0852571	0.526349	0.091678	0.106346	0.0552525
0.1	0.18	0.0864815	0.519547	0.0725435	0.0815375	0.0534343
0.1	0.18	0.0997704	0.44572	0.0945691	0.129289	0.0658586
0.1	0.18	0.0987695	0.45128	0.108658	0.152354	0.0676768
0.1	0.18	0.125611	0.302163	0.0981851	0.170519	0.0854545
0.1	0.18	0.120886	0.32841	0.0831239	0.133913	0.0786869
0.1	0.18	0.108981	0.394552	0.125498	0.20289	0.0789899
0.1	0.18	0.0983915	0.453381	0.0926111	0.124262	0.0645455
0.1	0.18	0.094977	0.47235	0.133798	0.192786	0.069697
0.1	0.18	0.0941904	0.47672	0.103645	0.136836	0.0634343
0.1	0.18	0.121665	0.324083	0.107438	0.184987	0.0846465
0.1	0.18	0.116895	0.350585	0.122421	0.210557	0.0845455
0.1	0.18	0.0887328	0.50704	0.0652905	0.0740394	0.0539394
0.1	0.18	0.12717	0.293499	0.126114	0.238307	0.0938384
0.1	0.18	0.106983	0.405647	0.113757	0.175049	0.0748485
0.1	0.18	0.109316	0.39269	0.160112	0.286087	0.0881818
0.1	0.18	0.106777	0.406795	0.0745746	0.103985	0.0672727
0.1	0.18	0.104777	0.417908	0.0723966	0.0985528	0.0655556
0.1	0.18	0.103765	0.423528	0.077131	0.105148	0.0656566
0.1	0.18	0.114359	0.364674	0.0966148	0.152167	0.0767677
0.1	0.18	0.135141	0.249218	0.174607	0.402873	0.117677
0.1	0.18	0.107288	0.403955	0.128709	0.20662	0.0783838
0.1	0.18	0.0988323	0.450932	0.0859556	0.113987	0.0637374
0.1	0.18	0.159983	0.111205	0.105358	0.237281	0.114444
0.1	0.18	0.0956979	0.468345	0.0791219	0.0999472	0.0605051
0.1	0.18	0.0767355	0.573691	0.0945765	0.0994486	0.049798
0.1	0.18	0.113183	0.371204	0.118185	0.194634	0.0806061
0.1	0.18	0.093491	0.480606	0.0849354	0.106285	0.059899
0.1	0.18	0.132172	0.265713	0.113645	0.215987	0.0944444
0.1	0.18	0.11702	0.349888	0.0955056	0.153499	0.0784848
0.1	0.18	0.135011	0.24994	0.08238	0.147957	0.0886869
0.1	0.18	0.123254	0.315257	0.104878	0.181752	0.0852525
0.1	0.18	0.115139	0.360337	0.101538	0.163002	0.0783838
0.1	0.18	0.10358	0.424557	0.137693	0.218695	0.0774747
0.1	0.18	0.119293	0.337262	0.07302	0.113338	0.0755556
0.1	0.18	0.105615	0.413249	0.0664883	0.0899908	0.0651515
0.1	0.18	0.144311	0.198271	0.133252	0.291297	0.110606
0.1	0.18	0.115119	0.360448	0.133707	0.233454	0.0859596
0.1	0.18	0.107022	0.405435	0.114097	0.175791	0.0749495
0.1	0.18	0.0958938	0.467257	0.126758	0.180927	0.0689899
0.1	0.18	0.0991139	0.449367	0.119378	0.172701	0.07
0.1	0.18	0.0906795	0.496225	0.145611	0.206991	0.0686869
0.1	0.18	0.141273	0.215148	0.105447	0.209757	0.0993939
0.1	0.18	0.0908601	0.495222	0.094695	0.117936	0.059596
0.1	0.18	0.122759	0.318003	0.145899	0.281	0.0958586
0.1	0.18	0.0811677	0.549068	0.0695042	0.0728037	0.049596
0.1	0.18	0.0727257	0.595968	0.112783	0.117681	0.0493939
0.1	0.18	0.0915519	0.491378	0.148887	0.215677	0.070101
0.1	0.18	0.115878	0.356231	0.113942	0.190003	0.0817172
0.1	0.18	0.0898898	0.500612	0.0964596	0.11937	0.0591919
0.1	0.18	0.0995378	0.447012	0.121285	0.177096	0.0707071
0.1	0.18	0.106054	0.410808	0.0809532	0.113822	0.0678788
0.1	0.18	0.14361	0.202165	0.150568	0.343783	0.116263
0.1	0.18	0.12862	0.285447	0.0885601	0.153803	0.0854545
0.1	0.18	0.107262	0.4041	0.120273	0.188742	0.0764646
0.1	0.18	0.14253	0.208168	0.100129	0.198277	0.0988889
0.1	0.18	0.0750306	0.583163	0.113956	0.123046	0.0512121
0.1	0.18	0.164521	0.085995	0.151622	0.397798	0.136768
0.1	0.18	0.130597	0.274462	0.125056	0.241992	0.0963636
0.1	0.18	0.123822	0.312103	0.14012	0.267835	0.0950505
0.1	0.18	0.113049	0.371952	0.116003	0.18973	0.08
0.1	0.18	0.110759	0.384672	0.131412	0.219382	0.0818182
0.1	0.18	0.111763	0.379094	0.106719	0.168487	0.0769697
0.1	0.18	0.0965305	0.46372	0.088292	0.115007	0.0625253
0.1	0.18	0.0870569	0.51635	0.0887163	0.104326	0.0560606
0.1	0.18	0.124826	0.306525	0.114282	0.205465	0.0887879
0.1	0.18	0.125537	0.302571	0.117956	0.215331	0.090303
0.1	0.18	0.0961892	0.465616	0.0681801	0.0843739	0.0591919
0.1	0.18	0.131377	0.270126	0.124921	0.243087	0.0969697
0.1	0.18	0.0966636	0.46298	0.0674333	0.0837166	0.0593939
0.1	0.18	0.116226	0.354301	0.116665	0.196514	0.0826263
0.1	0.18	0.137097	0.238352	0.141805	0.301529	0.107172
0.1	0.18	0.126279	0.298447	0.106554	0.189996	0.0879798
0.1	0.18	0.124679	0.307341	0.0720544	0.116625	0.0790909
0.1	0.18	0.106726	0.407076	0.0944696	0.138124	0.0708081
0.1	0.18	0.115577	0.357906	0.134969	0.237412	0.0866667
0.1	0.18	0.10537	0.414609	0.0898728	0.128279	0.0689899
0.1	0.18	0.0770263	0.572076	0.0698155	0.0694487	0.0469697
0.1	0.18	0.103829	0.423171	0.0953227	0.135873	0.0688889
0.1	0.18	0.120817	0.328793	0.102406	0.172879	0.0828283
0.15	0.255	0.151719	0.405025	0.140556	0.232658	0.119899
0.15	0.255	0.17137	0.327962	0.106525	0.181939	0.124343
0.15	0.255	0.191393	0.24944	0.106854	0.203996	0.141818
0.15	0.255	0.188329	0.261456	0.134168	0.27086	0.151717
0.15	0.255	0.168571	0.338939	0.111597	0.189939	0.123838
0.15	0.255	0.183552	0.280188	0.0831913	0.143668	0.12596
0.15	0.255	0.16461	0.354472	0.123358	0.211423	0.124848
0.15	0.255	0.19465	0.236669	0.104387	0.201413	0.143636
0.15	0.255	0.158543	0.378263	0.116833	0.189576	0.117172
0.15	0.255	0.177086	0.305545	0.106218	0.187321	0.129091
0.15	0.255	0.191223	0.250107	0.108366	0.207497	0.142323
0.15	0.255	0.169036	0.337114	0.136624	0.249234	0.134343
0.15	0.255	0.184074	0.278141	0.101763	0.184459	0.133333
0.15	0.255	0.179377	0.29656	0.115126	0.210418	0.134646
0.15	0.255	0.150407	0.410168	0.0993643	0.146288	0.104848
0.15	0.255	0.176191	0.309056	0.131705	0.247086	0.138889
0.15	0.255	0.199255	0.218609	0.115255	0.234074	0.152828
0.15	0.255	0.191253	0.249987	0.0952673	0.176541	0.136869
0.15	0.255	0.170554	0.331161	0.125719	0.224659	0.131111
0.15	0.255	0.181936	0.286525	0.133013	0.258597	0.144949
0.15	0.255	0.172847	0.32217	0.0877981	0.144376	0.11899
0.15	0.255	0.171159	0.32879	0.0841654	0.135854	0.116465
0.15	0.255	0.202478	0.205969	0.110297	0.224732	0.153434
0.15	0.255	0.180808	0.290949	0.0804586	0.13598	0.122828
0.15	0.255	0.13725	0.461766	0.107791	0.147924	0.0968687
0.15	0.255	0.207251	0.18725	0.120662	0.258525	0.163232
0.15	0.255	0.190399	0.253336	0.112344	0.216386	0.143333
0.15	0.255	0.190894	0.251397	0.119121	0.234128	0.146869
0.15	0.255	0.201149	0.211179	0.0909368	0.175359	0.143535
0.15	0.255	0.174063	0.317399	0.106895	0.185615	0.126768
0.15	0.255	0.180406	0.292527	0.105902	0.190113	0.131818
0.15	0.255	0.188783	0.259673	0.0859852	0.153756	0.131212
0.15	0.255	0.187622	0.264229	0.0976912	0.178665	0.134747
0.15	0.255	0.202766	0.204841	0.0724968	0.134845	0.137475
0.15	0.255	0.192458	0.245263	0.119031	0.235812	0.148283
0.15	0.255	0.164417	0.355228	0.100845	0.162899	0.116566
0.15	0.255	0.164871	0.353445	0.121972	0.208613	0.124545
0.15	0.255	0.171442	0.32768	0.104428	0.177487	0.123636
0.15	0.255	0.205522	0.194032	0.0894671	0.175644	0.146667
0.15	0.255	0.22226	0.12839	0.112037	0.251707	0.173232
0.15	0.255	0.197986	0.223585	0.122794	0.252752	0.155354
0.15	0.255	0.194493	0.237281	0.085055	0.156341	0.135556
0.15	0.255	0.177818	0.302676	0.129433	0.243565	0.139394
0.15	0.255	0.200931	0.212037	0.139721	0.305582	0.167475
0.15	0.255	0.186345	0.269234	0.102938	0.18945	0.135758
0.15	0.255	0.179887	0.294562	0.0802189	0.134807	0.12202
0.15	0.255	0.196368	0.229929	0.0944606	0.179369	0.140909
0.15	0.255	0.160494	0.37061	0.0921254	0.142158	0.110606
0.15	0.255	0.203393	0.20238	0.11635	0.241894	0.157273
0.15	0.255	0.192798	0.243931	0.0962515	0.180243	0.138586
0.15	0.255	0.163215	0.359939	0.102265	0.164571	0.116061
0.15	0.255	0.210787	0.173386	0.103025	0.214528	0.157576
0.15	0.255	0.185831	0.271251	0.0834349	0.145963	0.127879
0.15	0.255	0.217325	0.147746	0.0998282	0.212606	0.16202
0.15	0.255	0.185262	0.273484	0.138145	0.277362	0.150707
0.15	0.255	0.19404	0.239057	0.107461	0.208314	0.144444
0.15	0.255	0.175178	0.313029	0.108634	0.190688	0.128384
0.15	0.255	0.196413	0.229754	0.128155	0.265463	0.156566
0.15	0.255	0.158756	0.377428	0.0971879	0.15021	0.110808
0.15	0.255	0.185782	0.271443	0.131416	0.259762	0.147879
0.15	0.255	0.21457	0.158549	0.143393	0.338351	0.184444
0.15	0.255	0.158635	0.377903	0.107173	0.169724	0.113939
0.15	0.255	0.170148	0.332751	0.164512	0.327198	0.14899
0.15	0.255	0.166178	0.34832	0.0986797	0.16024	0.117273
0.15	0.255	0.195142	0.234736	0.101517	0.194958	0.142828
0.15	0.255	0.172218	0.324637	0.115762	0.203472	0.128586
0.15	0.255	0.141143	0.446497	0.0874196	0.117279	0.0944444
0.15	0.255	0.128402	0.496462	0.079311	0.0949302	0.0832323
0.15	0.255	0.194524	0.237161	0.106939	0.207544	0.144646
0.15	0.255	0.18068	0.291453	0.104532	0.187287	0.131515
0.15	0.255	0.137499	0.460787	0.104499	0.14247	0.0961616
0.15	0.255	0.161384	0.367123	0.134284	0.232381	0.126263
0.15	0.255	0.196517	0.229346	0.109678	0.216549	0.147677
0.15	0.255	0.17419	0.3169	0.104721	0.180974	0.126061
0.15	0.255	0.166532	0.346933	0.11413	0.19316	0.12303
0.15	0.255	0.175741	0.310821	0.0884262	0.148069	0.121515
0.15	0.255	0.158214	0.379553	0.119617	0.195109	0.117879
0.15	0.255	0.180447	0.292365	0.0955042	0.167077	0.127879
0.15	0.255	0.17861	0.299567	0.115553	0.210528	0.134141
0.15	0.255	0.170028	0.333225	0.124414	0.22087	0.130101
0.15	0.255	0.212172	0.167954	0.126889	0.282966	0.171616
0.15	0.255	0.192634	0.244573	0.0872049	0.159588	0.134848
0.15	0.255	0.168064	0.340926	0.0904496	0.145557	0.116061
0.15	0.255	0.135856	0.467233	0.151109	0.230747	0.109293
0.15	0.255	0.207516	0.186211	0.109795	0.228981	0.157879
0.15	0.255	0.171908	0.325849	0.0772395	0.123169	0.114848
0.15	0.255	0.181915	0.286609	0.140911	0.279943	0.148788
0.15	0.255	0.156881	0.384781	0.100349	0.154477	0.110303
0.15	0.255	0.192845	0.243745	0.117619	0.232621	0.14798
0.15	0.255	0.151006	0.407822	0.110622	0.168238	0.108788
0.15	0.255	0.153081	0.399683	0.0939681	0.138931	0.105354
0.15	0.255	0.197192	0.2267	0.112058	0.223369	0.149394
0.15	0.255	0.191097	0.250599	0.11319	0.219292	0.144343
0.15	0.255	0.187784	0.263593	0.11149	0.211326	0.140606
0.15	0.255	0.199149	0.219023	0.0918911	0.175847	0.142222
0.15	0.255	0.216593	0.150615	0.106303	0.229344	0.164646
0.15	0.255	0.199088	0.219263	0.10635	0.210927	0.148485
0.15	0.255	0.20232	0.206588	0.0907109	0.175844	0.144444
0.15	0.255	0.170184	0.332613	0.111681	0.191941	0.125253
0.15	0.255	0.172686	0.3228	0.115746	0.203988	0.12899
0.15	0.255	0.177877	0.302442	0.0988276	0.171841	0.12697
0.15	0.255	0.187103	0.266263	0.140276	0.286124	0.153636
0.15	0.255	0.193486	0.24123	0.135986	0.283457	0.157778
0.15	0.255	0.189686	0.256132	0.11738	0.228204	0.144949
0.15	0.255	0.178918	0.298361	0.108133	0.193612	0.131414
0.15	0.255	0.170332	0.332031	0.150738	0.288288	0.142121
0.15	0.255	0.198875	0.220098	0.102063	0.20003	0.146364
0.15	0.255	0.189565	0.256606	0.130147	0.261591	0.150909
0.15	0.255	0.144036	0.435154	0.106596	0.153049	0.101919
0.15	0.255	0.151426	0.406171	0.102054	0.152288	0.106465
0.15	0.255	0.162384	0.363198	0.0836544	0.12795	0.109495
0.15	0.255	0.145953	0.427633	0.0840804	0.115707	0.0971717
0.15	0.255	0.195606	0.232917	0.103139	0.199355	0.143939
0.15	0.255	0.199432	0.217913	0.103214	0.20344	0.147374
0.15	0.255	0.184937	0.274756	0.116919	0.22135	0.140404
0.15	0.255	0.129651	0.491565	0.128468	0.175806	0.0965657
0.15	0.255	0.163419	0.359141	0.132683	0.231493	0.127475
0.15	0.255	0.165118	0.352479	0.120085	0.20467	0.12404
0.15	0.255	0.178736	0.299075	0.101486	0.178499	0.128687
0.15	0.255	0.176315	0.30857	0.0706683	0.11381	0.116162
0.15	0.255	0.182057	0.286051	0.111588	0.205112	0.135556
0.15	0.255	0.211789	0.169455	0.0847272	0.169454	0.15
0.15	0.255	0.166968	0.345223	0.0937341	0.151071	0.116263
0.15	0.255	0.153442	0.398267	0.109423	0.16858	0.110404
0.15	0.255	0.172945	0.321786	0.0981362	0.165622	0.122626
0.15	0.255	0.183038	0.282204	0.118786	0.223664	0.139495
0.15	0.255	0.179451	0.296272	0.101756	0.179811	0.129394
0.15	0.255	0.162571	0.362466	0.101118	0.161616	0.115152
0.15	0.255	0.202724	0.205003	0.0913176	0.177637	0.145051
0.15	0.255	0.157279	0.38322	0.111132	0.176265	0.114141
0.15	0.255	0.168571	0.338939	0.0962154	0.15752	0.118384
0.15	0.255	0.180009	0.294082	0.133714	0.257697	0.143434
0.15	0.255	0.170903	0.329792	0.145563	0.275247	0.140202
0.15	0.255	0.157482	0.382422	0.0972003	0.149029	0.109798
0.15	0.255	0.160499	0.370592	0.102557	0.162414	0.113939
0.15	0.255	0.175274	0.312651	0.128853	0.23863	0.136768
0.15	0.255	0.155686	0.389468	0.0792064	0.114921	0.103131
0.15	0.255	0.184007	0.278405	0.116535	0.219293	0.139394
0.15	0.255	0.169527	0.335188	0.0995305	0.165229	0.120303
0.15	0.255	0.194039	0.239063	0.146428	0.315134	0.164141
0.15	0.255	0.157942	0.380621	0.101793	0.158331	0.111616
0.15	0.255	0.178079	0.30165	0.102684	0.180485	0.128586
0.15	0.255	0.222582	0.12713	0.0968063	0.209575	0.165354
0.15	0.255	0.182994	0.282378	0.134468	0.26399	0.146667
0.15	0.255	0.171341	0.328076	0.111188	0.192149	0.126061
0.15	0.255	0.163295	0.359627	0.087643	0.136106	0.111414
0.15	0.255	0.159097	0.37609	0.12335	0.204325	0.12
0.15	0.255	0.197616	0.225037	0.096467	0.18526	0.142828
0.15	0.255	0.214703	0.158027	0.108387	0.233033	0.163939
0.15	0.255	0.173652	0.319013	0.104859	0.180715	0.125657
0.15	0.255	0.157302	0.38313	0.109569	0.173116	0.113636
0.15	0.255	0.14629	0.426313	0.135487	0.213236	0.113131
0.15	0.255	0.177871	0.302466	0.1331	0.253045	0.141111
0.15	0.255	0.179839	0.294748	0.124992	0.235065	0.139293
0.15	0.255	0.14583	0.42812	0.111227	0.163613	0.104747
0.15	0.255	0.179334	0.296728	0.0966379	0.168491	0.127374
0.15	0.255	0.186287	0.269462	0.117341	0.224017	0.141818
0.15	0.255	0.189388	0.257303	0.0923549	0.168263	0.134141
0.15	0.255	0.134965	0.470726	0.0989346	0.130561	0.0927273
0.15	0.255	0.15111	0.407413	0.0894378	0.12909	0.102525
0.15	0.255	0.207524	0.186181	0.134893	0.300673	0.171515
0.15	0.255	0.193809	0.239964	0.141504	0.299997	0.161111
0.15	0.255	0.16932	0.335998	0.134618	0.244639	0.133737
0.15	0.255	0.189504	0.256847	0.104117	0.195448	0.13899
0.15	0.255	0.172677	0.322836	0.119315	0.212239	0.130404
0.15	0.255	0.219074	0.140886	0.0951805	0.201993	0.161313
0.15	0.255	0.192897	0.243541	0.133461	0.275436	0.155859
0.15	0.255	0.165113	0.352497	0.104204	0.170474	0.118283
0.15	0.255	0.180147	0.293541	0.105698	0.189376	0.131515
0.15	0.255	0.196771	0.22835	0.102399	0.198733	0.144646
0.15	0.255	0.172444	0.323748	0.120328	0.214322	0.130606
0.15	0.255	0.181895	0.286687	0.0737086	0.123336	0.121414
0.15	0.255	0.174252	0.31666	0.107804	0.187832	0.127273
0.15	0.255	0.174033	0.317519	0.109091	0.190461	0.127576
0.15	0.255	0.150706	0.408998	0.123605	0.194081	0.112828
0.15	0.255	0.129905	0.490568	0.0922944	0.115323	0.0872727
0.15	0.255	0.162293	0.363558	0.112398	0.184557	0.118788
0.15	0.255	0.160661	0.369956	0.0971657	0.15197	0.112323
0.15	0.255	0.197815	0.224257	0.114476	0.230347	0.151111
0.15	0.255	0.183021	0.28227	0.101483	0.18277	0.132323
0.15	0.255	0.186353	0.269204	0.11141	0.209521	0.139293
0.15	0.255	0.16637	0.34757	0.0954953	0.154026	0.116364
0.15	0.255	0.187029	0.266551	0.0657157	0.110985	0.122727
0.15	0.255	0.157922	0.380699	0.118904	0.193226	0.117374
0.15	0.255	0.165081	0.352623	0.103989	0.169995	0.118182
0.15	0.255	0.172404	0.323905	0.113793	0.199206	0.12798
0.15	0.255	0.180164	0.293475	0.0834257	0.141493	0.123333
0.15	0.255	0.144461	0.433485	0.134623	0.208732	0.111212
0.15	0.255	0.163927	0.357148	0.113599	0.188993	0.120606
0.15	0.255	0.162213	0.36387	0.127808	0.218443	0.124444
0.15	0.255	0.226065	0.11347	0.0822618	0.174577	0.161313
0.15	0.255	0.155424	0.390494	0.0949292	0.142839	0.107475
0.15	0.255	0.21243	0.16694	0.108447	0.230728	0.161818
0.15	0.255	0.187355	0.265273	0.145675	0.30207	0.156768
0.15	0.255	0.131702	0.483522	0.102397	0.133011	0.0911111
0.15	0.255	0.18998	0.25498	0.109058	0.207832	0.141515
0.15	0.255	0.165021	0.352857	0.134748	0.238743	0.129798
0.15	0.255	0.183193	0.281598	0.12235	0.232745	0.141212
0.15	0.255	0.160522	0.370502	0.134484	0.231611	0.125556
0.15	0.255	0.189092	0.258461	0.0993427	0.183864	0.136667
0.15	0.255	0.197522	0.225403	0.14255	0.308908	0.165556
0.15	0.255	0.193737	0.240246	0.108074	0.209502	0.144444
0.15	0.255	0.188153	0.262146	0.0968076	0.177161	0.134848
0.15	0.255	0.187086	0.266329	0.0926317	0.16683	0.132323
0.15	0.255	0.111748	0.561773	0.0930197	0.100161	0.0741414
0.15	0.255	0.186895	0.26708	0.122574	0.238026	0.144747
0.15	0.255	0.165334	0.351633	0.0722808	0.109568	0.108384
0.15	0.255	0.201198	0.210987	0.116877	0.2407	0.155455
0.15	0.255	0.155274	0.391083	0.118439	0.189013	0.114949
0.15	0.255	0.155375	0.390686	0.094386	0.141787	0.107273
0.15	0.255	0.162384	0.363198	0.0863292	0.132894	0.110303
0.15	0.255	0.165722	0.350108	0.0873889	0.137644	0.113232
0.15	0.255	0.158156	0.379781	0.0888286	0.133991	0.107778
0.15	0.255	0.222758	0.12644	0.127889	0.30023	0.183232
0.15	0.255	0.196077	0.231069	0.109001	0.21436	0.14697
0.15	0.255	0.180329	0.292827	0.0949489	0.16577	0.127576
0.15	0.255	0.151422	0.406189	0.0790059	0.111438	0.099899
0.15	0.255	0.19186	0.24761	0.130335	0.265274	0.153232
0.15	0.255	0.190854	0.251553	0.151369	0.324961	0.163636
0.15	0.255	0.180874	0.290691	0.117233	0.217245	0.136869
0.15	0.255	0.174154	0.317044	0.118318	0.211711	0.131313
0.15	0.255	0.13867	0.456196	0.119242	0.170304	0.101313
0.15	0.255	0.161602	0.366265	0.102584	0.163585	0.114848
0.15	0.255	0.140272	0.449912	0.162502	0.264862	0.117778
0.15	0.255	0.163399	0.359219	0.117877	0.197667	0.121717
0.15	0.255	0.148232	0.418697	0.0929865	0.132805	0.101313
0.15	0.255	0.196436	0.229664	0.13367	0.281086	0.159495
0.15	0.255	0.147077	0.423228	0.101438	0.146794	0.102828
0.15	0.255	0.164893	0.353361	0.126076	0.218027	0.126162
0.15	0.255	0.167016	0.345037	0.10914	0.182885	0.121616
0.15	0.255	0.171426	0.32774	0.123804	0.221238	0.131111
0.15	0.255	0.170274	0.332259	0.118051	0.206382	0.127778
0.15	0.255	0.171899	0.325885	0.135772	0.251288	0.136667
0.15	0.255	0.220083	0.136931	0.115307	0.258694	0.172929
0.15	0.255	0.221382	0.131835	0.100154	0.217459	0.16596
0.15	0.255	0.195193	0.234538	0.0838243	0.154176	0.135657
0.15	0.255	0.171987	0.325543	0.111849	0.194351	0.126869
0.15	0.255	0.16953	0.335176	0.121251	0.212834	0.128384
0.15	0.255	0.194008	0.239183	0.0879008	0.162282	0.136263
0.15	0.255	0.148979	0.415768	0.140216	0.227688	0.117273
0.15	0.255	0.151792	0.404737	0.0875833	0.126414	0.102525
0.15	0.255	0.161281	0.367526	0.11453	0.18792	0.118687
0.15	0.255	0.198975	0.219707	0.1237	0.256504	0.156768
0.15	0.255	0.165484	0.351045	0.124736	0.21571	0.126162
0.15	0.255	0.184201	0.277643	0.0965615	0.172893	0.131414
0.15	0.255	0.168338	0.339851	0.128146	0.227496	0.130101
0.15	0.255	0.172293	0.324343	0.163105	0.327113	0.150505
0.15	0.255	0.202369	0.206396	0.095303	0.186888	0.146465
0.15	0.255	0.179402	0.296464	0.113111	0.205685	0.133838
0.15	0.255	0.165119	0.352473	0.116591	0.196907	0.122727
0.15	0.255	0.121459	0.523692	0.109373	0.133363	0.0849495
0.15	0.255	0.185559	0.272319	0.12064	0.231409	0.142626
0.15	0.255	0.159467	0.374638	0.119705	0.196844	0.11899
0.15	0.255	0.20964	0.177881	0.118	0.253952	0.164141
0.15	0.255	0.179816	0.294838	0.111969	0.203479	0.133737
0.15	0.255	0.158275	0.379313	0.0945184	0.144683	0.109596
0.15	0.255	0.17583	0.310473	0.118376	0.213884	0.132828
0.15	0.255	0.163884	0.357316	0.119728	0.202348	0.122828
0.15	0.255	0.209151	0.179802	0.105489	0.219315	0.157273
0.15	0.255	0.174676	0.314998	0.110279	0.193833	0.128586
0.15	0.255	0.173013	0.321516	0.0796589	0.12858	0.116465
0.15	0.255	0.169818	0.334048	0.119074	0.20817	0.127778
0.15	0.255	0.170092	0.332973	0.128191	0.229975	0.131717
0.15	0.255	0.200654	0.213124	0.132921	0.284932	0.163333
0.15	0.255	0.165882	0.349484	0.135734	0.242398	0.13101
0.15	0.255	0.152984	0.400061	0.10712	0.163575	0.109293
0.15	0.255	0.169492	0.335326	0.0952039	0.156325	0.118788
0.15	0.255	0.173268	0.32052	0.112381	0.197	0.128182
0.15	0.255	0.21755	0.146864	0.130712	0.301974	0.179495
0.15	0.255	0.16841	0.339569	0.114395	0.195926	0.124747
0.15	0.255	0.160034	0.372417	0.109132	0.175223	0.115758
0.15	0.255	0.200927	0.212049	0.102266	0.202598	0.148283
0.15	0.255	0.165678	0.350282	0.127101	0.221454	0.127273
0.15	0.255	0.208916	0.18072	0.0968169	0.196735	0.152929
0.15	0.255	0.169819	0.334042	0.141294	0.262321	0.137172
0.15	0.255	0.171507	0.327422	0.119889	0.212134	0.129596
0.15	0.255	0.206772	0.189128	0.0963529	0.19356	0.150808
0.15	0.255	0.196403	0.22979	0.0907009	0.170679	0.139394
0.15	0.255	0.155254	0.391161	0.100967	0.154055	0.109192
0.15	0.255	0.156073	0.38795	0.095244	0.144023	0.108081
0.15	0.255	0.155589	0.389846	0.0708869	0.100794	0.100808
0.15	0.255	0.159487	0.37456	0.124877	0.208207	0.120909
0.15	0.255	0.152242	0.402972	0.094821	0.139718	0.104949
0.15	0.255	0.200249	0.214708	0.120293	0.248783	0.156263
0.15	0.255	0.149004	0.415672	0.0701968	0.0954344	0.0958586
0.15	0.255	0.157166	0.383664	0.125743	0.207078	0.119192
0.15	0.255	0.17625	0.308822	0.113218	0.20232	0.131111
0.15	0.255	0.175179	0.313023	0.0876723	0.14607	0.120808
0.15	0.255	0.178434	0.300257	0.101358	0.177916	0.128384
0.15	0.255	0.163564	0.358571	0.127042	0.218493	0.125354
0.15	0.255	0.16702	0.345019	0.0923766	0.148434	0.115859
0.15	0.255	0.156134	0.38771	0.106661	0.166035	0.111717
0.15	0.255	0.177259	0.304867	0.127194	0.237167	0.137879
0.15	0.255	0.164686	0.354172	0.0909232	0.143545	0.113535
0.15	0.255	0.145866	0.427976	0.104374	0.150912	0.102727
0.15	0.255	0.171844	0.326101	0.113485	0.197863	0.127374
0.15	0.255	0.171697	0.326677	0.0990439	0.166324	0.121919
0.15	0.255	0.174198	0.31687	0.0786829	0.127578	0.117071
0.15	0.255	0.202088	0.2075	0.10787	0.218008	0.151919
0.15	0.255	0.192469	0.245221	0.10859	0.209401	0.143535
0.15	0.255	0.186234	0.269672	0.103424	0.190465	0.135859
0.15	0.255	0.188329	0.261456	0.122518	0.239706	0.146061
0.15	0.255	0.145946	0.427663	0.0971248	0.137978	0.100707
0.15	0.255	0.192845	0.243745	0.128836	0.262507	0.153434
0.15	0.255	0.206613	0.189753	0.0846777	0.165197	0.145556
0.15	0.255	0.165415	0.351315	0.108393	0.17955	0.12
0.15	0.255	0.177736	0.302994	0.0947273	0.162916	0.125354
0.15	0.255	0.190715	0.252099	0.110329	0.211756	0.142727
0.15	0.255	0.16974	0.334354	0.0928129	0.151725	0.118182
0.15	0.255	0.150442	0.41003	0.129462	0.206129	0.114646
0.15	0.255	0.160598	0.370202	0.112155	0.182123	0.117273
0.15	0.255	0.201841	0.208466	0.108988	0.220628	0.152222
0.15	0.255	0.15013	0.411255	0.110336	0.166707	0.10798
0.15	0.255	0.139539	0.452787	0.134209	0.200774	0.106768
0.15	0.255	0.169665	0.334648	0.0896469	0.145355	0.117071
0.15	0.255	0.151732	0.404971	0.102577	0.153581	0.106869
0.15	0.255	0.178477	0.300089	0.111628	0.201172	0.132424
0.15	0.255	0.200929	0.212043	0.106458	0.213152	0.150202
0.15	0.255	0.175868	0.310322	0.103629	0.180313	0.127071
0.15	0.255	0.198652	0.220974	0.125684	0.261573	0.157475
0.15	0.255	0.188242	0.261798	0.129252	0.257356	0.149192
0.15	0.255	0.1762	0.30902	0.131235	0.245905	0.138687
0.15	0.255	0.186269	0.269534	0.070819	0.120534	0.123838
0.15	0.255	0.184132	0.277913	0.122665	0.234737	0.142222
0.15	0.255	0.203249	0.202944	0.111322	0.228285	0.154646
0.15	0.255	0.186394	0.269042	0.125536	0.245048	0.145657
0.15	0.255	0.183266	0.28131	0.101465	0.182975	0.132525
0.15	0.255	0.176246	0.30884	0.0781421	0.128026	0.118485
0.15	0.255	0.200425	0.214018	0.0833306	0.15719	0.139798
0.15	0.255	0.14274	0.440237	0.075831	0.100072	0.0927273
0.15	0.255	0.191717	0.248168	0.108512	0.20839	0.142828
0.15	0.255	0.163125	0.360293	0.136778	0.240894	0.128889
0.15	0.255	0.174103	0.317243	0.145939	0.281423	0.143535
0.15	0.255	0.153564	0.397787	0.113441	0.176727	0.111818
0.15	0.255	0.143887	0.435736	0.0959529	0.134001	0.0987879
0.15	0.255	0.164219	0.356002	0.11922	0.201631	0.122929
0.15	0.255	0.133144	0.477868	0.105888	0.140283	0.0931313
0.15	0.255	0.160632	0.37007	0.100684	0.158831	0.113434
0.15	0.255	0.194299	0.238043	0.116465	0.231377	0.148788
0.15	0.255	0.190207	0.254092	0.0913723	0.166791	0.134444
0.15	0.255	0.153398	0.398441	0.0723589	0.101787	0.099596
0.15	0.255	0.160482	0.370658	0.0908471	0.139737	0.110202
0.15	0.255	0.164073	0.356578	0.118481	0.199816	0.122525
0.15	0.255	0.153053	0.399791	0.0568451	0.0769909	0.0954545
0.15	0.255	0.159708	0.373695	0.137834	0.238361	0.126162
0.15	0.255	0.186993	0.266695	0.128385	0.25334	0.147576
0.15	0.255	0.194868	0.23581	0.0921645	0.172695	0.138687
0.15	0.255	0.196159	0.230751	0.126276	0.259918	0.155354
0.15	0.255	0.133382	0.476932	0.112701	0.152208	0.0951515
0.15	0.255	0.16554	0.350823	0.101707	0.165773	0.117778
0.15	0.255	0.135496	0.468644	0.08556	0.109697	0.089798
0.15	0.255	0.209775	0.177353	0.116234	0.249161	0.163333
0.15	0.255	0.160052	0.372345	0.0821763	0.123445	0.107273
0.15	0.255	0.141927	0.443424	0.113713	0.163841	0.102323
0.15	0.255	0.168673	0.338537	0.114862	0.197271	0.125152
0.15	0.255	0.175709	0.310947	0.080973	0.133153	0.11899
0.15	0.255	0.171025	0.329312	0.104277	0.176733	0.123232
0.15	0.255	0.155595	0.389822	0.0984596	0.149619	0.108687
0.15	0.255	0.188558	0.260556	0.108948	0.20601	0.140202
0.15	0.255	0.159037	0.376324	0.103416	0.162634	0.11303
0.15	0.255	0.216579	0.150669	0.110723	0.241577	0.16697
0.15	0.255	0.148577	0.417346	0.12211	0.188277	0.110505
0.15	0.255	0.153454	0.398219	0.0902017	0.132459	0.104545
0.15	0.255	0.148552	0.417442	0.0917471	0.130919	0.101212
0.15	0.255	0.195984	0.231435	0.120128	0.243046	0.152121
0.15	0.255	0.182169	0.285613	0.119209	0.223643	0.138889
0.15	0.255	0.193214	0.242298	0.126717	0.257213	0.152727
0.15	0.255	0.215228	0.155968	0.122395	0.27358	0.172121
0.15	0.255	0.179304	0.296848	0.11577	0.211863	0.134848
0.15	0.255	0.193563	0.24093	0.126851	0.258044	0.153131
0.15	0.255	0.158675	0.377747	0.134398	0.228746	0.123838
0.15	0.255	0.161093	0.368264	0.0992275	0.156412	0.113333
0.15	0.255	0.192421	0.245407	0.0788325	0.141242	0.131515
0.15	0.255	0.175724	0.310887	0.107677	0.189134	0.128485
0.15	0.255	0.185179	0.273808	0.149422	0.309516	0.156566
0.15	0.255	0.149399	0.414123	0.0968981	0.140834	0.103333
0.15	0.255	0.154409	0.394474	0.102493	0.156129	0.10899
0.15	0.255	0.177992	0.301992	0.122628	0.226819	0.136566
0.15	0.255	0.165744	0.350024	0.073314	0.11168	0.10899
0.15	0.255	0.178471	0.300113	0.142481	0.278924	0.146162
0.15	0.255	0.158442	0.378659	0.114189	0.183899	0.116162
0.15	0.255	0.152107	0.4035	0.106497	0.161436	0.108384
0.15	0.255	0.181843	0.286892	0.119658	0.224349	0.138788
0.15	0.255	0.191726	0.248132	0.107567	0.206089	0.142424
0.15	0.255	0.13579	0.467491	0.0992246	0.131839	0.0934343
0.15	0.255	0.170484	0.331437	0.106085	0.180051	0.123434
0.15	0.255	0.165588	0.350637	0.12033	0.205804	0.124545
0.15	0.255	0.158231	0.379487	0.147205	0.258911	0.128687
0.15	0.255	0.142009	0.4431	0.108688	0.15468	0.100909
0.15	0.255	0.169464	0.335434	0.0922659	0.150384	0.117778
0.15	0.255	0.17423	0.316744	0.106786	0.185552	0.126869
0.15	0.255	0.180871	0.290703	0.119129	0.221855	0.137677
0.15	0.255	0.173578	0.319301	0.0955168	0.160744	0.122222
0.15	0.255	0.219867	0.137777	0.0865706	0.180546	0.157879
0.15	0.255	0.191869	0.247574	0.122108	0.243132	0.149192
0.15	0.255	0.193466	0.241308	0.109303	0.212254	0.144747
0.15	0.255	0.196021	0.231291	0.0924876	0.174464	0.139798
0.15	0.255	0.183151	0.28176	0.111931	0.207163	0.136667
0.15	0.255	0.174484	0.315748	0.103511	0.178636	0.125859
0.15	0.255	0.160432	0.370857	0.16768	0.317451	0.140404
0.15	0.255	0.201985	0.207902	0.100846	0.200122	0.148586
0.15	0.255	0.201534	0.209672	0.101961	0.20245	0.148687
0.15	0.255	0.188333	0.261438	0.101941	0.189142	0.137071
0.15	0.255	0.189747	0.255892	0.0954345	0.17553	0.135657
0.15	0.255	0.213085	0.164371	0.0694335	0.134754	0.144646
0.15	0.255	0.193736	0.240252	0.114547	0.225779	0.147374
0.15	0.255	0.190435	0.253197	0.12133	0.239283	0.147475
0.15	0.255	0.168595	0.338843	0.146936	0.275155	0.138586
0.15	0.255	0.172117	0.325033	0.0957548	0.159882	0.121111
0.15	0.255	0.152363	0.402498	0.0982486	0.14612	0.106061
0.15	0.255	0.16961	0.334864	0.122087	0.214876	0.128788
0.15	0.255	0.172482	0.323598	0.104246	0.178171	0.124444
0.15	0.255	0.155288	0.391029	0.126653	0.206584	0.117879
0.15	0.255	0.1502	0.410978	0.114582	0.175111	0.109394
0.15	0.255	0.188623	0.260304	0.0855247	0.152632	0.130909
0.15	0.255	0.180635	0.291627	0.115346	0.212419	0.135859
0.15	0.255	0.135386	0.469076	0.0908674	0.117917	0.0910101
0.15	0.255	0.179504	0.296062	0.11165	0.20238	0.133333
0.15	0.255	0.170776	0.33029	0.122011	0.216176	0.129798
0.15	0.255	0.166143	0.348458	0.0733264	0.111971	0.109293
0.15	0.255	0.181434	0.288494	0.0973542	0.172032	0.129394
0.15	0.255	0.185445	0.272763	0.117705	0.22391	0.141212
0.15	0.255	0.15028	0.410666	0.0814275	0.114647	0.099697
0.15	0.255	0.203378	0.20244	0.119551	0.250622	0.158889
0.15	0.255	0.157227	0.383424	0.0915803	0.138255	0.107879
0.15	0.255	0.169056	0.337036	0.109659	0.186247	0.123535
0.15	0.255	0.165496	0.350997	0.121067	0.207354	0.124747
0.15	0.255	0.17139	0.327884	0.106753	0.182456	0.124444
0.15	0.255	0.176641	0.307292	0.165763	0.343544	0.156667
0.15	0.255	0.191286	0.24986	0.11834	0.232592	0.146869
0.15	0.255	0.18322	0.28149	0.0994936	0.178492	0.131717
0.15	0.255	0.184806	0.275272	0.0901442	0.159398	0.129495
0.15	0.255	0.170969	0.329534	0.111232	0.191829	0.125758
0.15	0.255	0.192577	0.244795	0.116199	0.228645	0.147071
0.15	0.255	0.168242	0.340229	0.114245	0.195397	0.124545
0.15	0.255	0.185519	0.272475	0.0991509	0.179955	0.133535
0.15	0.255	0.177756	0.302916	0.118845	0.217352	0.134747
0.15	0.255	0.198047	0.223345	0.0764081	0.140094	0.135152
0.15	0.255	0.141466	0.445231	0.128229	0.191348	0.106465
0.15	0.255	0.187729	0.263809	0.0933344	0.168964	0.133131
0.15	0.255	0.141227	0.446167	0.103422	0.144432	0.0987879
0.15	0.255	0.15082	0.408548	0.132748	0.213788	0.116162
0.15	0.255	0.149522	0.413637	0.0905302	0.12964	0.101616
0.15	0.255	0.172441	0.32376	0.0961538	0.161009	0.121515
0.15	0.255	0.176745	0.306883	0.0836868	0.13933	0.120707
0.15	0.255	0.180487	0.292209	0.0881719	0.151537	0.125253
0.15	0.255	0.189789	0.25573	0.0930444	0.170166	0.134747
0.15	0.255	0.17955	0.295882	0.11155	0.2022	0.133333
0.15	0.255	0.19638	0.229881	0.0732215	0.132128	0.132626
0.15	0.255	0.140692	0.448268	0.0709718	0.0912701	0.090101
0.15	0.255	0.163727	0.357935	0.0819033	0.125778	0.11
0.15	0.255	0.186492	0.268658	0.0939247	0.169158	0.132323
0.15	0.255	0.211791	0.169449	0.115789	0.250302	0.165051
0.15	0.255	0.201426	0.210093	0.120653	0.251235	0.157576
0.15	0.255	0.177417	0.304249	0.126172	0.234826	0.137576
0.15	0.255	0.171345	0.328058	0.0987201	0.165307	0.121515
0.15	0.255	0.1583	0.379217	0.0970583	0.149531	0.110404
0.15	0.255	0.175502	0.311757	0.112065	0.198816	0.13
0.15	0.255	0.160075	0.372255	0.0838391	0.126465	0.107778
0.15	0.255	0.197533	0.225361	0.126818	0.263245	0.15697
0.15	0.255	0.178528	0.299891	0.0959864	0.166333	0.126465
0.15	0.255	0.191192	0.250227	0.152645	0.329487	0.164747
0.15	0.255	0.183863	0.278969	0.119145	0.225563	0.140404
0.15	0.255	0.201419	0.210123	0.113168	0.231081	0.153838
0.15	0.255	0.163284	0.359669	0.0931424	0.146592	0.113131
0.15	0.255	0.164438	0.355144	0.118981	0.20137	0.12303
0.15	0.255	0.190344	0.253552	0.115608	0.224498	0.144747
0.15	0.255	0.174212	0.316816	0.120664	0.217317	0.132323
0.15	0.255	0.183618	0.279929	0.117809	0.22196	0.139596
0.15	0.255	0.173075	0.321276	0.125319	0.227013	0.133232
0.15	0.255	0.162449	0.362946	0.0848325	0.130171	0.109899
0.15	0.255	0.134518	0.472479	0.0778172	0.0972333	0.0872727
0.15	0.255	0.172083	0.325165	0.134929	0.249416	0.136465
0.15	0.255	0.172802	0.322344	0.106521	0.183453	0.125556
0.15	0.255	0.178062	0.301716	0.118671	0.217309	0.134949
0.15	0.255	0.188962	0.258971	0.113225	0.216929	0.142424
0.15	0.255	0.160949	0.368828	0.101443	0.160649	0.113939
0.15	0.255	0.203338	0.202596	0.124259	0.263704	0.161313
0.15	0.255	0.178421	0.300312	0.116449	0.212431	0.134343
0.15	0.255	0.179848	0.294712	0.110155	0.199286	0.13303
0.15	0.255	0.210969	0.172671	0.108173	0.228405	0.160303
0.15	0.255	0.160621	0.370112	0.0959954	0.149667	0.111919
0.15	0.255	0.128312	0.496816	0.0846415	0.102539	0.0843434
0.15	0.255	0.182141	0.285721	0.139656	0.276828	0.148384
0.15	0.255	0.179691	0.29533	0.100426	0.177106	0.129091
0.15	0.255	0.165536	0.350841	0.112326	0.188089	0.121515
0.15	0.255	0.208938	0.180636	0.138777	0.31479	0.175354
0.15	0.255	0.162176	0.364014	0.134487	0.234005	0.127071
0.15	0.255	0.185323	0.273243	0.121122	0.232334	0.142626
0.15	0.255	0.176117	0.309344	0.11173	0.198747	0.130404
0.15	0.255	0.199778	0.216557	0.0854288	0.161441	0.140101
0.15	0.255	0.171067	0.32915	0.122367	0.217381	0.130202
0.15	0.255	0.19932	0.218351	0.108088	0.215576	0.149495
0.15	0.255	0.168255	0.340175	0.116081	0.199503	0.125253
0.15	0.255	0.135526	0.468524	0.123875	0.17504	0.100101
0.15	0.255	0.180156	0.293505	0.106703	0.191674	0.131919
0.15	0.255	0.16829	0.340037	0.107	0.179684	0.121919
0.15	0.255	0.172213	0.324655	0.121086	0.215813	0.130707
0.15	0.255	0.231627	0.091659	0.0832736	0.181512	0.166768
0.15	0.255	0.14513	0.430862	0.0817642	0.111265	0.0959596
0.15	0.255	0.177724	0.303042	0.105587	0.186581	0.129394
0.15	0.255	0.169783	0.334186	0.084058	0.134555	0.115354
0.15	0.255	0.189118	0.258359	0.118746	0.230993	0.145051
0.15	0.255	0.163647	0.358247	0.0745525	0.112456	0.107778
0.15	0.255	0.149885	0.412215	0.148474	0.248264	0.121313
0.15	0.255	0.189409	0.257219	0.0837961	0.149547	0.130909
0.15	0.255	0.175484	0.311829	0.110041	0.194193	0.129192
0.15	0.255	0.179492	0.29611	0.11802	0.21748	0.13596
0.15	0.255	0.196922	0.227756	0.108651	0.2144	0.147576
0.15	0.255	0.18741	0.265057	0.143699	0.296407	0.155758
0.15	0.255	0.175182	0.313011	0.090028	0.15086	0.121616
0.15	0.255	0.20243	0.206155	0.0786525	0.148186	0.139596
0.15	0.255	0.184376	0.276959	0.111269	0.206962	0.137475
0.15	0.255	0.19266	0.244471	0.117338	0.231674	0.147677
0.15	0.255	0.173193	0.320814	0.0826754	0.134552	0.117576
0.15	0.255	0.147717	0.420719	0.0735077	0.0998414	0.0957576
0.15	0.255	0.181494	0.28826	0.078271	0.132096	0.122626
0.15	0.255	0.17627	0.308744	0.123697	0.227227	0.135455
0.15	0.255	0.188379	0.261258	0.106706	0.200431	0.139091
0.15	0.255	0.171697	0.326677	0.125898	0.226595	0.132222
0.15	0.255	0.180598	0.291771	0.0948914	0.165893	0.127778
0.15	0.255	0.192016	0.246998	0.102496	0.194161	0.140505
0.15	0.255	0.157605	0.381942	0.120518	0.196286	0.117677
0.15	0.255	0.157144	0.383748	0.0681345	0.0972247	0.101212
0.15	0.255	0.169122	0.336778	0.110328	0.187778	0.123838
0.15	0.255	0.21004	0.176315	0.0985499	0.202202	0.154747
0.15	0.255	0.180562	0.291915	0.109612	0.198814	0.133434
0.15	0.255	0.176526	0.307742	0.0983192	0.169444	0.125657
0.15	0.255	0.193818	0.239928	0.134791	0.280527	0.157475
0.15	0.255	0.16768	0.342432	0.11147	0.188658	0.12303
0.15	0.255	0.184708	0.275656	0.109846	0.203936	0.137172
0.15	0.255	0.169244	0.336298	0.0847453	0.135448	0.115152
0.15	0.255	0.185657	0.271935	0.102408	0.187528	0.134949
0.15	0.255	0.175794	0.310611	0.142709	0.275355	0.143636
0.15	0.255	0.178271	0.3009	0.0892475	0.151899	0.123838
0.15	0.255	0.159451	0.374704	0.0895151	0.136359	0.10899
0.15	0.255	0.179539	0.295924	0.0866137	0.14752	0.123939
0.15	0.255	0.168796	0.338057	0.0965701	0.158451	0.118687
0.15	0.255	0.180084	0.293788	0.138005	0.269232	0.145556
0.15	0.255	0.188927	0.259109	0.0946354	0.172966	0.134646
0.15	0.255	0.140511	0.448976	0.0995892	0.137049	0.0971717
0.15	0.255	0.145412	0.429758	0.10867	0.158353	0.103636
0.15	0.255	0.181807	0.28703	0.115257	0.213584	0.136869
0.15	0.255	0.180005	0.2941	0.0978501	0.171758	0.128384
0.15	0.255	0.180435	0.292413	0.119813	0.222991	0.137576
0.15	0.255	0.192931	0.243409	0.0724083	0.128121	0.129596
0.15	0.255	0.165837	0.349658	0.116821	0.198272	0.123434
0.15	0.255	0.189452	0.257051	0.106619	0.201364	0.14
0.15	0.255	0.176664	0.307202	0.111803	0.19953	0.130909
0.15	0.255	0.174633	0.315166	0.134515	0.252051	0.138687
0.15	0.255	0.155964	0.388376	0.085619	0.126373	0.105152
0.15	0.255	0.192181	0.246349	0.104529	0.199201	0.141515
0.15	0.255	0.215202	0.156071	0.113945	0.249088	0.167374
0.15	0.255	0.151754	0.404887	0.104494	0.157231	0.107475
0.15	0.255	0.155046	0.391977	0.0873589	0.128723	0.104949
0.2	0.32	0.23817	0.25572	0.105839	0.199852	0.185455
0.2	0.32	0.229691	0.282216	0.14029	0.279941	0.199394
0.2	0.32	0.231437	0.276759	0.131772	0.258815	0.195253
0.2	0.32	0.234901	0.265936	0.112551	0.213241	0.186263
0.2	0.32	0.247793	0.225647	0.133141	0.28103	0.215152
0.2	0.32	0.241439	0.245504	0.0829666	0.150103	0.175556
0.2	0.32	0.277995	0.131265	0.104266	0.228889	0.227273
0.2	0.32	0.209365	0.345735	0.0839237	0.131967	0.147576
0.2	0.32	0.23942	0.251813	0.0862661	0.156002	0.175455
0.2	0.32	0.258805	0.191235	0.0682274	0.127799	0.183535
0.2	0.32	0.20659	0.354406	0.123744	0.212324	0.164242
0.2	0.32	0.222184	0.305675	0.121513	0.222912	0.178687
0.2	0.32	0.31022	0.030561	0.0897768	0.21216	0.253131
0.2	0.32	0.230338	0.280193	0.101599	0.183562	0.175253
0.2	0.32	0.225453	0.295459	0.114578	0.209446	0.177879
0.2	0.32	0.248085	0.224733	0.119373	0.243141	0.204949
0.2	0.32	0.248202	0.22437	0.101017	0.196378	0.192626
0.2	0.32	0.252377	0.211323	0.10126	0.200284	0.197071
0.2	0.32	0.190995	0.403141	0.12899	0.20751	0.151717
0.2	0.32	0.221964	0.306364	0.134043	0.254065	0.186364
0.2	0.32	0.267088	0.165351	0.0952238	0.196352	0.208384
0.2	0.32	0.230721	0.278997	0.137433	0.273301	0.198485
0.2	0.32	0.239138	0.252693	0.117718	0.230122	0.19404
0.2	0.32	0.225491	0.29534	0.110865	0.200758	0.175758
0.2	0.32	0.19846	0.379811	0.101753	0.15846	0.145859
0.2	0.32	0.244622	0.235556	0.0981943	0.186817	0.187273
0.2	0.32	0.219085	0.31536	0.114553	0.203471	0.171515
0.2	0.32	0.21167	0.338532	0.0986379	0.162561	0.156263
0.2	0.32	0.252135	0.212078	0.113725	0.231975	0.205354
0.2	0.32	0.215869	0.325408	0.127638	0.231236	0.175859
0.2	0.32	0.252853	0.209835	0.107878	0.217385	0.20202
0.2	0.32	0.217623	0.319928	0.0869138	0.143088	0.156061
0.2	0.32	0.237893	0.256586	0.0929501	0.169759	0.177677
0.2	0.32	0.271752	0.150774	0.102647	0.219377	0.218889
0.2	0.32	0.232288	0.2741	0.10673	0.197004	0.180101
0.2	0.32	0.252366	0.211356	0.110663	0.224161	0.203434
0.2	0.32	0.283743	0.113302	0.0958291	0.210237	0.227071
0.2	0.32	0.225655	0.294828	0.128267	0.243321	0.186566
0.2	0.32	0.209755	0.344515	0.105379	0.17504	0.157778
0.2	0.32	0.239662	0.251057	0.0942465	0.173961	0.180101
0.2	0.32	0.221702	0.307182	0.0793937	0.130776	0.156162
0.2	0.32	0.20474	0.360188	0.139959	0.248713	0.171616
0.2	0.32	0.265866	0.169168	0.106518	0.224911	0.215253
0.2	0.32	0.267554	0.163893	0.109691	0.234978	0.219596
0.2	0.32	0.24904	0.221749	0.132917	0.281797	0.216465
0.2	0.32	0.24886	0.222313	0.129919	0.27301	0.213838
0.2	0.32	0.237756	0.257011	0.096943	0.178703	0.179798
0.2	0.32	0.208238	0.349255	0.126797	0.221093	0.167576
0.2	0.32	0.253362	0.208242	0.103068	0.205588	0.199293
0.2	0.32	0.237821	0.256811	0.0877205	0.158128	0.174747
0.2	0.32	0.263457	0.176696	0.0978431	0.200306	0.206364
0.2	0.32	0.246264	0.230425	0.119373	0.241356	0.202929
0.2	0.32	0.240116	0.249637	0.0767596	0.136087	0.171111
0.2	0.32	0.216772	0.322587	0.135545	0.251937	0.181717
0.2	0.32	0.22858	0.285688	0.0989703	0.176285	0.172121
0.2	0.32	0.236172	0.261961	0.0998038	0.184057	0.179899
0.2	0.32	0.211895	0.337829	0.102181	0.170081	0.158182
0.2	0.32	0.240941	0.247059	0.0891964	0.163484	0.178485
0.2	0.32	0.271178	0.152567	0.0993374	0.210106	0.215758
0.2	0.32	0.243361	0.239497	0.135708	0.283306	0.211919
0.2	0.32	0.249493	0.220333	0.13783	0.296714	0.221111
0.2	0.32	0.212282	0.336619	0.0869613	0.139668	0.151414
0.2	0.32	0.206599	0.354377	0.0969125	0.155224	0.150909
0.2	0.32	0.235947	0.262665	0.1021	0.189199	0.18101
0.2	0.32	0.214031	0.331152	0.113995	0.197523	0.166263
0.2	0.32	0.194875	0.391017	0.0764943	0.109996	0.132626
0.2	0.32	0.234319	0.267753	0.0740833	0.127366	0.164646
0.2	0.32	0.189858	0.406695	0.0803323	0.11357	0.13
0.2	0.32	0.225429	0.295536	0.117338	0.216014	0.179495
0.2	0.32	0.241131	0.246466	0.104093	0.198121	0.187374
0.2	0.32	0.241422	0.245557	0.115283	0.226073	0.194848
0.2	0.32	0.258462	0.192307	0.0770392	0.147115	0.188182
0.2	0.32	0.279088	0.12785	0.0965812	0.208799	0.222424
0.2	0.32	0.257724	0.194612	0.118828	0.251074	0.215455
0.2	0.32	0.21509	0.327843	0.111328	0.192527	0.165859
0.2	0.32	0.248551	0.223279	0.124121	0.256486	0.20899
0.2	0.32	0.230213	0.280585	0.118847	0.22432	0.185354
0.2	0.32	0.222531	0.304589	0.0959073	0.165049	0.164848
0.2	0.32	0.250176	0.2182	0.114754	0.232876	0.203939
0.2	0.32	0.226556	0.292011	0.123152	0.231368	0.184242
0.2	0.32	0.227305	0.289672	0.0825003	0.140365	0.162525
0.2	0.32	0.220667	0.310415	0.0965083	0.164937	0.163434
0.2	0.32	0.239125	0.252736	0.1114	0.214219	0.189899
0.2	0.32	0.258512	0.192149	0.129432	0.282166	0.225051
0.2	0.32	0.259249	0.189848	0.110975	0.231108	0.211212
0.2	0.32	0.233629	0.26991	0.0948028	0.170817	0.174646
0.2	0.32	0.219077	0.315384	0.132305	0.246341	0.182121
0.2	0.32	0.209757	0.34451	0.122621	0.212987	0.166768
0.2	0.32	0.219405	0.31436	0.111993	0.197901	0.170404
0.2	0.32	0.283171	0.11509	0.0971503	0.213403	0.227475
0.2	0.32	0.252736	0.210199	0.123506	0.259087	0.213333
0.2	0.32	0.236732	0.260211	0.101296	0.187953	0.181313
0.2	0.32	0.229619	0.282441	0.0984523	0.175933	0.172828
0.2	0.32	0.262169	0.180723	0.103809	0.214665	0.209192
0.2	0.32	0.253828	0.206789	0.103844	0.207924	0.200303
0.2	0.32	0.240288	0.249101	0.0744609	0.131392	0.170101
0.2	0.32	0.239089	0.252846	0.104483	0.197375	0.185556
0.2	0.32	0.254351	0.205153	0.108036	0.219081	0.203737
0.2	0.32	0.245288	0.233476	0.0999162	0.19143	0.18899
0.2	0.32	0.204971	0.359466	0.122955	0.208879	0.162222
0.2	0.32	0.206071	0.356027	0.0986052	0.158196	0.151212
0.2	0.32	0.245897	0.231572	0.0945835	0.179274	0.186364
0.2	0.32	0.239676	0.251014	0.0926163	0.170278	0.179192
0.2	0.32	0.255502	0.201556	0.118991	0.249359	0.21303
0.2	0.32	0.19616	0.387	0.099675	0.152628	0.142929
0.2	0.32	0.214634	0.329268	0.110248	0.189727	0.164848
0.2	0.32	0.254803	0.203742	0.107195	0.217296	0.203636
0.2	0.32	0.249986	0.218793	0.108058	0.215379	0.199091
0.2	0.32	0.234971	0.265716	0.100964	0.185789	0.179394
0.2	0.32	0.228893	0.284708	0.0686999	0.113936	0.157475
0.2	0.32	0.226564	0.291987	0.106697	0.192072	0.174444
0.2	0.32	0.221012	0.309339	0.101986	0.176973	0.166566
0.2	0.32	0.233033	0.271771	0.110057	0.205534	0.182828
0.2	0.32	0.228391	0.286277	0.0862825	0.14885	0.165354
0.2	0.32	0.268124	0.162114	0.0937986	0.193482	0.208485
0.2	0.32	0.243444	0.239239	0.127176	0.259508	0.205455
0.2	0.32	0.222551	0.304527	0.121889	0.224196	0.179293
0.2	0.32	0.275848	0.137975	0.0939512	0.199455	0.216869
0.2	0.32	0.271185	0.152548	0.10095	0.214385	0.21697
0.2	0.32	0.253975	0.206329	0.0854072	0.163498	0.188788
0.2	0.32	0.220138	0.31207	0.103752	0.180125	0.166667
0.2	0.32	0.225856	0.294202	0.0946382	0.16478	0.167273
0.2	0.32	0.246442	0.22987	0.113616	0.226455	0.199091
0.2	0.32	0.263825	0.175548	0.101872	0.210957	0.209596
0.2	0.32	0.254186	0.205669	0.0833492	0.158902	0.187778
0.2	0.32	0.265692	0.169713	0.0792456	0.156378	0.196465
0.2	0.32	0.241849	0.244223	0.109825	0.212733	0.191717
0.2	0.32	0.246587	0.229415	0.124546	0.255618	0.207071
0.2	0.32	0.2574	0.195626	0.096435	0.192212	0.199091
0.2	0.32	0.239291	0.252214	0.124826	0.2488	0.199091
0.2	0.32	0.211939	0.33769	0.0885299	0.142499	0.151818
0.2	0.32	0.232363	0.273866	0.0949629	0.170246	0.173535
0.2	0.32	0.274539	0.142065	0.10264	0.22161	0.22202
0.2	0.32	0.215213	0.32746	0.123471	0.220539	0.172727
0.2	0.32	0.24227	0.242907	0.121023	0.24177	0.199697
0.2	0.32	0.280712	0.122776	0.088726	0.189248	0.218283
0.2	0.32	0.233569	0.270097	0.101236	0.185303	0.178182
0.2	0.32	0.204247	0.361728	0.103896	0.167416	0.15202
0.2	0.32	0.222026	0.306168	0.0870046	0.146168	0.16
0.2	0.32	0.234265	0.267921	0.0940687	0.169649	0.174848
0.2	0.32	0.242778	0.241319	0.118194	0.234862	0.198283
0.2	0.32	0.240096	0.249699	0.129455	0.262129	0.203333
0.2	0.32	0.265406	0.170608	0.101875	0.212232	0.211313
0.2	0.32	0.262689	0.179097	0.0836772	0.164994	0.196263
0.2	0.32	0.282159	0.118252	0.0984636	0.21622	0.227374
0.2	0.32	0.23433	0.26772	0.135376	0.271879	0.201111
0.2	0.32	0.261961	0.181373	0.0980849	0.199781	0.204949
0.2	0.32	0.244129	0.237096	0.115331	0.228732	0.197778
0.2	0.32	0.246145	0.230798	0.101128	0.195019	0.190606
0.2	0.32	0.255129	0.202723	0.113899	0.235195	0.208788
0.2	0.32	0.21927	0.314781	0.111499	0.196656	0.17
0.2	0.32	0.236693	0.260335	0.131422	0.263739	0.200909
0.2	0.32	0.236725	0.260235	0.137466	0.280504	0.205455
0.2	0.32	0.198044	0.381112	0.0795906	0.117166	0.136364
0.2	0.32	0.257617	0.194947	0.0815187	0.156822	0.19
0.2	0.32	0.242369	0.242596	0.105806	0.203297	0.189697
0.2	0.32	0.237391	0.258154	0.113114	0.216894	0.189192
0.2	0.32	0.256192	0.199399	0.085014	0.164011	0.190707
0.2	0.32	0.244769	0.235097	0.118127	0.236611	0.200404
0.2	0.32	0.220352	0.3114	0.121782	0.221721	0.17697
0.2	0.32	0.240975	0.246953	0.105004	0.200186	0.187778
0.2	0.32	0.236084	0.262239	0.121703	0.237348	0.193434
0.2	0.32	0.240272	0.249149	0.0955093	0.177293	0.181414
0.2	0.32	0.197279	0.383504	0.100909	0.15588	0.144444
0.2	0.32	0.223099	0.302815	0.0986161	0.171291	0.166768
0.2	0.32	0.231987	0.275042	0.106033	0.195116	0.179394
0.2	0.32	0.212912	0.334649	0.128355	0.229792	0.173232
0.2	0.32	0.248154	0.224518	0.125916	0.261027	0.209899
0.2	0.32	0.224923	0.297114	0.102981	0.182318	0.170808
0.2	0.32	0.232899	0.272192	0.119656	0.228967	0.188687
0.2	0.32	0.240947	0.24704	0.0895495	0.164276	0.178687
0.2	0.32	0.24217	0.243218	0.0988807	0.186556	0.185253
0.2	0.32	0.214634	0.329268	0.119173	0.209892	0.169697
0.2	0.32	0.253127	0.208979	0.0991438	0.195643	0.196465
0.2	0.32	0.228255	0.286702	0.116072	0.215651	0.181616
0.2	0.32	0.229368	0.283225	0.133337	0.260655	0.19404
0.2	0.32	0.24468	0.235375	0.0970943	0.184263	0.186667
0.2	0.32	0.267755	0.163266	0.089195	0.181674	0.204949
0.2	0.32	0.243612	0.238713	0.106664	0.206445	0.191515
0.2	0.32	0.2506	0.216875	0.139161	0.30202	0.223636
0.2	0.32	0.217808	0.319349	0.120333	0.215729	0.173535
0.2	0.32	0.269672	0.157274	0.100203	0.211217	0.214747
0.2	0.32	0.274399	0.142505	0.108154	0.236679	0.226263
0.2	0.32	0.248978	0.221945	0.0858577	0.161302	0.184242
0.2	0.32	0.246039	0.231128	0.128842	0.266904	0.209697
0.2	0.32	0.255598	0.201255	0.0988002	0.1967	0.198788
0.2	0.32	0.221684	0.307239	0.115345	0.207735	0.174545
0.2	0.32	0.246261	0.230434	0.0973372	0.18603	0.188384
0.2	0.32	0.212176	0.336949	0.122819	0.215904	0.169293
0.2	0.32	0.252776	0.210074	0.0979779	0.192515	0.195354
0.2	0.32	0.23391	0.26903	0.099764	0.182204	0.177677
0.2	0.32	0.242467	0.24229	0.0681503	0.119574	0.168889
0.2	0.32	0.246996	0.228138	0.0984455	0.18923	0.189798
0.2	0.32	0.217942	0.318933	0.0823329	0.134256	0.154242
0.2	0.32	0.273967	0.143853	0.115968	0.258535	0.232323
0.2	0.32	0.215745	0.325796	0.0831867	0.134556	0.152727
0.2	0.32	0.258035	0.193641	0.0833768	0.161373	0.191515
0.2	0.32	0.235895	0.262827	0.0983332	0.180469	0.178788
0.2	0.32	0.241544	0.245174	0.12415	0.249333	0.201111
0.2	0.32	0.215661	0.326059	0.104678	0.178455	0.162929
0.2	0.32	0.231971	0.27509	0.101481	0.184595	0.176768
0.2	0.32	0.284922	0.109619	0.0956714	0.21068	0.228283
0.2	0.32	0.250328	0.217727	0.103423	0.204007	0.196364
0.2	0.32	0.240514	0.248393	0.0992547	0.186154	0.183838
0.2	0.32	0.258649	0.191723	0.0858742	0.167606	0.193636
0.2	0.32	0.264262	0.17418	0.108892	0.229923	0.215253
0.2	0.32	0.248119	0.224628	0.110093	0.218932	0.198485
0.2	0.32	0.242478	0.242257	0.111457	0.217366	0.193434
0.2	0.32	0.260588	0.185663	0.106895	0.221439	0.209697
0.2	0.32	0.234094	0.268456	0.103326	0.190552	0.179899
0.2	0.32	0.260121	0.187122	0.121907	0.262094	0.220707
0.2	0.32	0.288372	0.098839	0.116433	0.27355	0.250909
0.2	0.32	0.245987	0.23129	0.114181	0.227496	0.19899
0.2	0.32	0.25944	0.18925	0.088346	0.173997	0.19596
0.2	0.32	0.252799	0.210002	0.114948	0.235835	0.20697
0.2	0.32	0.231524	0.276486	0.119392	0.226957	0.187071
0.2	0.32	0.271452	0.151711	0.124351	0.280808	0.236667
0.2	0.32	0.248984	0.221926	0.0976668	0.188878	0.191313
0.2	0.32	0.256286	0.199108	0.115152	0.239638	0.21101
0.2	0.32	0.18165	0.432344	0.105489	0.151786	0.132727
0.2	0.32	0.241354	0.245767	0.103726	0.197422	0.187374
0.2	0.32	0.252603	0.210615	0.126147	0.266358	0.215253
0.2	0.32	0.239904	0.250301	0.135901	0.279828	0.20798
0.2	0.32	0.24446	0.236063	0.108747	0.212333	0.193737
0.2	0.32	0.213332	0.333338	0.0793663	0.125788	0.14899
0.2	0.32	0.26096	0.184501	0.129791	0.285905	0.228384
0.2	0.32	0.211563	0.338867	0.0971416	0.15942	0.155455
0.2	0.32	0.214324	0.330239	0.12997	0.235247	0.175657
0.2	0.32	0.243326	0.239607	0.0957734	0.18016	0.184545
0.2	0.32	0.237375	0.258202	0.118115	0.229434	0.192424
0.2	0.32	0.282118	0.118381	0.0927288	0.20073	0.222828
0.2	0.32	0.252421	0.211184	0.112579	0.229219	0.204848
0.2	0.32	0.250785	0.216296	0.113245	0.229476	0.203535
0.2	0.32	0.249014	0.22183	0.101773	0.198873	0.193939
0.2	0.32	0.224965	0.296985	0.123881	0.231549	0.18303
0.2	0.32	0.221656	0.307325	0.0986801	0.170321	0.165455
0.2	0.32	0.252118	0.212131	0.0875905	0.167333	0.188283
0.2	0.32	0.245416	0.233074	0.13529	0.284494	0.21404
0.2	0.32	0.229974	0.281331	0.0684623	0.114015	0.158283
0.2	0.32	0.222135	0.305828	0.109004	0.193524	0.171414
0.2	0.32	0.221241	0.308621	0.0886752	0.14905	0.160101
0.2	0.32	0.216094	0.324705	0.112158	0.195284	0.167273
0.2	0.32	0.235767	0.263229	0.12503	0.24567	0.195354
0.2	0.32	0.215946	0.325169	0.120959	0.215352	0.17202
0.2	0.32	0.216192	0.324399	0.0832266	0.134913	0.153131
0.2	0.32	0.236298	0.261569	0.0901736	0.162476	0.174646
0.2	0.32	0.236748	0.260163	0.136502	0.277825	0.204747
0.2	0.32	0.21517	0.327594	0.141788	0.266154	0.18404
0.2	0.32	0.247299	0.227191	0.0831384	0.154128	0.181111
0.2	0.32	0.226165	0.293235	0.103576	0.18466	0.172323
0.2	0.32	0.227804	0.288113	0.104905	0.18902	0.174646
0.2	0.32	0.257707	0.194664	0.10035	0.202215	0.20202
0.2	0.32	0.222265	0.305422	0.142567	0.277042	0.192525
0.2	0.32	0.234131	0.268342	0.126901	0.248858	0.194848
0.2	0.32	0.244559	0.235752	0.100777	0.192921	0.188788
0.2	0.32	0.238554	0.25452	0.0992703	0.184673	0.181919
0.2	0.32	0.255274	0.202269	0.111599	0.229211	0.207273
0.2	0.32	0.241604	0.244988	0.12616	0.254793	0.202626
0.2	0.32	0.225924	0.293986	0.0782434	0.130978	0.159293
0.2	0.32	0.216971	0.321965	0.0796781	0.128531	0.152222
0.2	0.32	0.244617	0.235571	0.0960173	0.181687	0.18596
0.2	0.32	0.264261	0.174185	0.0777247	0.152001	0.194141
0.2	0.32	0.278033	0.131146	0.104583	0.229802	0.227576
0.2	0.32	0.2779	0.131562	0.0882867	0.186226	0.214949
0.2	0.32	0.281477	0.120385	0.086777	0.18472	0.217677
0.2	0.32	0.255343	0.202054	0.105341	0.212985	0.202929
0.2	0.32	0.216359	0.323878	0.0901777	0.148775	0.156465
0.2	0.32	0.220034	0.312395	0.143873	0.277787	0.190909
0.2	0.32	0.262863	0.178552	0.13516	0.304318	0.235657
0.2	0.32	0.247961	0.225121	0.111085	0.221326	0.19899
0.2	0.32	0.246131	0.230841	0.12497	0.256303	0.206869
0.2	0.32	0.23814	0.255811	0.111255	0.21298	0.188788
0.2	0.32	0.258193	0.193148	0.0904848	0.178279	0.196061
0.2	0.32	0.227132	0.290213	0.113596	0.208666	0.17899
0.2	0.32	0.230755	0.278892	0.131412	0.257094	0.194242
0.2	0.32	0.234403	0.26749	0.136354	0.274664	0.201919
0.2	0.32	0.240611	0.248092	0.109779	0.211531	0.190404
0.2	0.32	0.265839	0.169254	0.117588	0.255445	0.223939
0.2	0.32	0.235301	0.264683	0.0828973	0.146141	0.169899
0.2	0.32	0.266292	0.167838	0.107754	0.228602	0.216667
0.2	0.32	0.230106	0.28092	0.101639	0.183469	0.175051
0.2	0.32	0.223437	0.301758	0.112655	0.203076	0.174747
0.2	0.32	0.252299	0.211566	0.0981075	0.192468	0.194949
0.2	0.32	0.24416	0.237001	0.0849943	0.156264	0.179192
0.2	0.32	0.213716	0.332138	0.082107	0.131221	0.150505
0.2	0.32	0.266315	0.167767	0.113031	0.243091	0.220808
0.2	0.32	0.241318	0.245882	0.0994483	0.187231	0.184747
0.2	0.32	0.246015	0.231204	0.126493	0.260362	0.207879
0.2	0.32	0.217117	0.321511	0.104962	0.180276	0.164444
0.2	0.32	0.230575	0.279452	0.0991837	0.178303	0.174141
0.2	0.32	0.217576	0.320076	0.123502	0.223035	0.175152
0.2	0.32	0.254545	0.204545	0.103771	0.208327	0.20101
0.2	0.32	0.22127	0.30853	0.122568	0.224549	0.178384
0.2	0.32	0.263238	0.17738	0.0725611	0.139646	0.190101
0.2	0.32	0.216177	0.324447	0.0978852	0.164447	0.16
0.2	0.32	0.24899	0.221907	0.131369	0.27729	0.215152
0.2	0.32	0.25678	0.197563	0.113459	0.235536	0.210303
0.2	0.32	0.225568	0.295101	0.117941	0.217601	0.18
0.2	0.32	0.24163	0.244906	0.123734	0.24831	0.200909
0.2	0.32	0.248564	0.223236	0.123161	0.253868	0.208283
0.2	0.32	0.244166	0.236982	0.072023	0.128406	0.172323
0.2	0.32	0.218222	0.318057	0.105284	0.181898	0.165657
0.2	0.32	0.267277	0.164758	0.100602	0.210385	0.212424
0.2	0.32	0.213483	0.332865	0.0754987	0.118652	0.147475
0.2	0.32	0.260957	0.184511	0.13365	0.297502	0.231818
0.2	0.32	0.234654	0.266706	0.096691	0.175803	0.176667
0.2	0.32	0.23101	0.278093	0.0881633	0.154541	0.168687
0.2	0.32	0.268324	0.161487	0.126694	0.284579	0.234848
0.2	0.32	0.266921	0.165873	0.12309	0.272407	0.229899
0.2	0.32	0.235598	0.263755	0.0930544	0.168354	0.175556
0.2	0.32	0.266344	0.167676	0.127219	0.284046	0.232828
0.2	0.32	0.242689	0.241597	0.0880385	0.162075	0.179495
0.2	0.32	0.25427	0.205406	0.0894557	0.173138	0.191515
0.2	0.32	0.242533	0.242085	0.115322	0.227215	0.196061
0.2	0.32	0.231062	0.277931	0.108635	0.200431	0.18
0.2	0.32	0.247016	0.228076	0.0880713	0.165039	0.183636
0.2	0.32	0.204282	0.361618	0.137883	0.243076	0.169899
0.2	0.32	0.264198	0.174381	0.092259	0.186812	0.203333
0.2	0.32	0.260545	0.185797	0.111874	0.234686	0.213333
0.2	0.32	0.251815	0.213078	0.0988779	0.193979	0.194949
0.2	0.32	0.218229	0.318034	0.141397	0.268899	0.187172
0.2	0.32	0.258471	0.192278	0.0947553	0.188864	0.199091
0.2	0.32	0.271882	0.150367	0.106997	0.231315	0.222424
0.2	0.32	0.248923	0.222117	0.0838256	0.156681	0.18303
0.2	0.32	0.268411	0.161214	0.0886388	0.180739	0.205253
0.2	0.32	0.263134	0.177705	0.134892	0.303805	0.235758
0.2	0.32	0.264031	0.174902	0.0807339	0.158881	0.195758
0.2	0.32	0.210857	0.341072	0.13245	0.237452	0.173535
0.2	0.32	0.283156	0.115138	0.107577	0.242571	0.236162
0.2	0.32	0.253949	0.206411	0.102301	0.204136	0.199394
0.2	0.32	0.22465	0.29797	0.102905	0.181927	0.170505
0.2	0.32	0.25185	0.212968	0.101783	0.201164	0.196869
0.2	0.32	0.261667	0.182292	0.111674	0.235154	0.214444
0.2	0.32	0.246656	0.2292	0.136677	0.289964	0.216667
0.2	0.32	0.221431	0.308028	0.0818886	0.135525	0.157071
0.2	0.32	0.236982	0.259431	0.0838421	0.1492	0.171919
0.2	0.32	0.233991	0.268777	0.117557	0.224766	0.188485
0.2	0.32	0.245539	0.232692	0.104982	0.203924	0.192424
0.2	0.32	0.22809	0.287219	0.132317	0.256508	0.191919
0.2	0.32	0.237014	0.259331	0.122899	0.241387	0.195253
0.2	0.32	0.260349	0.18641	0.10473	0.215567	0.207879
0.2	0.32	0.216166	0.324481	0.0843988	0.137182	0.153636
0.2	0.32	0.212533	0.335835	0.133061	0.240843	0.175657
0.2	0.32	0.219161	0.315121	0.102027	0.17558	0.164848
0.2	0.32	0.212882	0.334744	0.0997049	0.165701	0.157879
0.2	0.32	0.200817	0.372446	0.107762	0.172411	0.150707
0.2	0.32	0.222632	0.304274	0.118891	0.21704	0.177576
0.2	0.32	0.220883	0.30974	0.125054	0.230219	0.179495
0.2	0.32	0.204617	0.360571	0.116043	0.193254	0.158283
0.2	0.32	0.243551	0.238904	0.089278	0.165438	0.18101
0.2	0.32	0.267746	0.163295	0.091888	0.188387	0.206768
0.2	0.32	0.237308	0.258413	0.121541	0.238158	0.194646
0.2	0.32	0.23287	0.272282	0.10712	0.198414	0.180909
0.2	0.32	0.249353	0.220773	0.0854099	0.160529	0.184343
0.2	0.32	0.225145	0.296421	0.104996	0.187018	0.172121
0.2	0.32	0.238144	0.255801	0.118099	0.230136	0.193232
0.2	0.32	0.228727	0.285229	0.103124	0.185725	0.174545
0.2	0.32	0.262152	0.180776	0.0794309	0.154723	0.193131
0.2	0.32	0.23363	0.269906	0.0997078	0.181857	0.177374
0.2	0.32	0.24266	0.241688	0.104364	0.200035	0.189091
0.2	0.32	0.193826	0.394293	0.103269	0.157666	0.142424
0.2	0.32	0.238125	0.255859	0.112551	0.216167	0.189596
0.2	0.32	0.209478	0.345381	0.0851063	0.134281	0.148182
0.2	0.32	0.273731	0.14459	0.0944631	0.199254	0.214949
0.2	0.32	0.254143	0.205803	0.0914662	0.177812	0.192626
0.2	0.32	0.234827	0.266165	0.104676	0.19431	0.181414
0.2	0.32	0.208289	0.349097	0.0909094	0.144646	0.149697
0.2	0.32	0.240735	0.247704	0.117429	0.230914	0.195556
0.2	0.32	0.251154	0.215144	0.0970747	0.189091	0.193131
0.2	0.32	0.238044	0.256112	0.0935957	0.171319	0.178182
0.2	0.32	0.230744	0.278926	0.135861	0.269034	0.197374
0.2	0.32	0.250234	0.218018	0.0828818	0.15538	0.183737
0.2	0.32	0.216465	0.323548	0.108845	0.188232	0.165859
0.2	0.32	0.194328	0.392725	0.113149	0.177621	0.147273
0.2	0.32	0.244489	0.235972	0.0910633	0.170136	0.182929
0.2	0.32	0.235966	0.262607	0.133519	0.268651	0.201616
0.2	0.32	0.266599	0.166877	0.0961079	0.198245	0.208485
0.2	0.32	0.267195	0.165017	0.112893	0.243508	0.221717
0.2	0.32	0.23833	0.255218	0.113164	0.217875	0.190202
0.2	0.32	0.243604	0.238737	0.0897225	0.166479	0.181313
0.2	0.32	0.227668	0.288539	0.0964294	0.169997	0.169899
0.2	0.32	0.232282	0.274119	0.100049	0.181582	0.176263
0.2	0.32	0.259377	0.189447	0.0833849	0.162231	0.192828
0.2	0.32	0.232346	0.273918	0.107661	0.199243	0.180707
0.2	0.32	0.241457	0.245447	0.102733	0.195127	0.186869
0.2	0.32	0.269432	0.158024	0.123578	0.276417	0.233434
0.2	0.32	0.210865	0.341048	0.0937164	0.151999	0.153232
0.2	0.32	0.224126	0.299606	0.0885449	0.150724	0.162626
0.2	0.32	0.246012	0.231214	0.112066	0.222086	0.197576
0.2	0.32	0.235961	0.262621	0.110639	0.209531	0.186162
0.2	0.32	0.251015	0.215579	0.0912449	0.175103	0.189394
0.2	0.32	0.281829	0.119285	0.0843062	0.178617	0.216263
0.2	0.32	0.26047	0.186032	0.0940909	0.18868	0.200707
0.2	0.32	0.236178	0.261942	0.107314	0.201698	0.184343
0.2	0.32	0.26382	0.175562	0.11386	0.2431	0.218586
0.2	0.32	0.222068	0.306039	0.0841596	0.140447	0.158687
0.2	0.32	0.241221	0.246183	0.134555	0.277552	0.208485
0.2	0.32	0.247251	0.22734	0.129367	0.269693	0.211515
0.2	0.32	0.248855	0.222327	0.125916	0.261762	0.210707
0.2	0.32	0.275526	0.13898	0.11296	0.251293	0.231616
0.2	0.32	0.229769	0.281972	0.117321	0.220133	0.183939
0.2	0.32	0.218382	0.317555	0.126333	0.230729	0.177677
0.2	0.32	0.229394	0.283144	0.0902618	0.157917	0.168283
0.2	0.32	0.235141	0.265185	0.107707	0.201748	0.183535
0.2	0.32	0.220765	0.310109	0.106803	0.187393	0.168889
0.2	0.32	0.248792	0.222524	0.104778	0.206118	0.195657
0.2	0.32	0.24039	0.24878	0.131449	0.267933	0.205152
0.2	0.32	0.224343	0.298927	0.102322	0.180385	0.169899
0.2	0.32	0.205416	0.358074	0.110496	0.182103	0.156263
0.2	0.32	0.230191	0.280652	0.128781	0.249552	0.191818
0.2	0.32	0.239813	0.250583	0.0853985	0.154363	0.175354
0.2	0.32	0.225037	0.29676	0.0966914	0.168598	0.167576
0.2	0.32	0.25938	0.189437	0.0960934	0.192841	0.200909
0.2	0.32	0.223107	0.302791	0.115674	0.209846	0.176162
0.2	0.32	0.256111	0.199653	0.123257	0.261847	0.217071
0.2	0.32	0.212478	0.336007	0.134478	0.244287	0.176465
0.2	0.32	0.221544	0.307674	0.0942993	0.160921	0.163131
0.2	0.32	0.223811	0.300591	0.103266	0.182049	0.169899
0.2	0.32	0.22597	0.293843	0.107369	0.193105	0.174242
0.2	0.32	0.217432	0.320525	0.121685	0.218553	0.173939
0.2	0.32	0.25403	0.206157	0.109107	0.22158	0.204141
0.2	0.32	0.253215	0.208702	0.114592	0.235274	0.207172
0.2	0.32	0.21245	0.336093	0.121792	0.213795	0.16899
0.2	0.32	0.195591	0.388779	0.0871136	0.12896	0.137273
0.2	0.32	0.243114	0.240267	0.089478	0.165592	0.180707
0.2	0.32	0.199726	0.375856	0.0975944	0.151372	0.145152
0.2	0.32	0.23249	0.273469	0.116367	0.220378	0.186162
0.2	0.32	0.207859	0.350441	0.110364	0.183987	0.158485
0.2	0.32	0.244545	0.235795	0.0946048	0.178338	0.185051
0.2	0.32	0.237401	0.258121	0.105113	0.197478	0.184242
0.2	0.32	0.211589	0.338786	0.146547	0.27415	0.183232
0.2	0.32	0.237381	0.258183	0.119321	0.232518	0.193232
0.2	0.32	0.245666	0.232295	0.0968144	0.184344	0.187475
0.2	0.32	0.230028	0.281164	0.0831146	0.143315	0.165253
0.2	0.32	0.24944	0.2205	0.0885701	0.167806	0.186263
0.2	0.32	0.200015	0.374952	0.100922	0.158066	0.146869
0.2	0.32	0.243511	0.239029	0.107459	0.208317	0.191919
0.2	0.32	0.244587	0.235666	0.0829808	0.152091	0.178485
0.2	0.32	0.223413	0.301835	0.084	0.140976	0.159798
0.2	0.32	0.248119	0.224628	0.146906	0.322596	0.227374
0.2	0.32	0.249712	0.219649	0.12672	0.264912	0.212323
0.2	0.32	0.251258	0.214819	0.102258	0.201866	0.196566
0.2	0.32	0.276463	0.136053	0.0905555	0.191076	0.215051
0.2	0.32	0.206941	0.353311	0.114869	0.192881	0.159899
0.2	0.32	0.247842	0.225494	0.135299	0.28733	0.21697
0.2	0.32	0.247564	0.226364	0.110817	0.220287	0.198384
0.2	0.32	0.216752	0.322649	0.0728607	0.115541	0.149091
0.2	0.32	0.233869	0.269159	0.106289	0.197303	0.181414
0.2	0.32	0.238647	0.254228	0.123679	0.2451	0.197576
0.2	0.32	0.225347	0.295789	0.106104	0.189694	0.172929
0.2	0.32	0.252603	0.210615	0.108994	0.220045	0.202525
0.2	0.32	0.225747	0.294541	0.12561	0.236686	0.184949
0.2	0.32	0.261133	0.183961	0.10439	0.215329	0.208485
0.2	0.32	0.267014	0.165581	0.108795	0.232052	0.218283
0.2