-405304417
-1719544469
570572058
1714550438
-1224201357
-937741212
-999661907
-439018936
703833031
1677073234
-1451859421
554838054
-956543543
161109560
-1847355993
1665851234
1918540591
78587861
-97929352
1359978688
1893130354
-2010267521
-790572902
86311897
-1998892769
-748178815
-1347730464
-1717633454
-988860387
-220604963
-800496621
1165482624
1942082083
-517519204
789352072
-1102312273
-549164352
-1258157718
-1736474718
1666501477
1830271943
-1595790381
1973555666
129259672
-1365121665
-842226376
-1737787248
-599833820
-160983496
-486104048
-633481672
486031847
-1417730608
-1538824783
969315701
1835262550
1884781571
2022710130
853954815
815260785
-830529299
929680109
-1608282509
878101120
-2071523425
-1210260931
1792510459
-1215121167
-98858040
-552011156
1387722793
-1402147025
549972604
154815764
1537780947
-2124834803
895191631
364120851
1259139946
-2083662757
-290226719
2025992119
2055553718
-1511625327
1900532063
422964966
-618048496
1139934941
-412190095
1992572389
-2016064979
-224923014
-2016076052
1434333949
-913803498
1620302489
-281238488
509139520
91
