0.081388 0.209227
0.951829 0.178758
0.535106 0.191508
0.264102 0.186275
0.003600 0.163265
0.734220 0.195214
0.035152 0.151678
0.452801 0.219444
0.601828 0.216834
0.491389 0.210402
0.746653 0.205204
0.132762 0.205327
0.246984 0.206094
0.808740 0.195917
0.928178 0.197330
0.004796 0.131864
0.685256 0.177355
0.822170 0.210600
0.503473 0.204319
0.143059 0.183725
0.739458 0.192823
0.017525 0.142936
0.624538 0.219092
0.679314 0.231710
0.827572 0.187454
0.930378 0.211504
0.124585 0.183640
0.738867 0.216671
0.626325 0.180096
0.674366 0.191561
0.467815 0.219454
0.921683 0.173375
0.708761 0.198682
0.463383 0.187008
0.696131 0.190805
0.893977 0.205850
0.942522 0.186274
0.018649 0.117949
0.890891 0.207452
0.790254 0.182418
0.965251 0.179970
0.398285 0.198727
0.000400 0.000000
0.405672 0.195530
0.362292 0.216282
0.580760 0.171431
0.843860 0.210528
0.164081 0.240592
0.004400 0.204082
0.979938 0.188387
0.948728 0.195116
0.681133 0.180357
0.398420 0.188652
0.734778 0.190671
0.722123 0.195071
0.947254 0.202679
0.734125 0.192552
0.009568 0.126310
0.912651 0.192744
0.902577 0.203813
0.001600 0.061224
0.656930 0.223985
0.030011 0.226942
0.546848 0.201927
0.959032 0.182356
0.026502 0.216707
0.636978 0.219593
0.767225 0.180498
0.001200 0.040816
0.521139 0.212368
0.338129 0.171383
0.841121 0.200319
0.200019 0.227788
0.811969 0.193424
0.492211 0.195980
0.536673 0.195710
0.896756 0.167713
0.580951 0.197867
0.004395 0.088015
0.002400 0.102041
0.872014 0.199994
0.957216 0.194970
0.601155 0.240198
0.562890 0.204629
0.909037 0.206400
0.657848 0.208973
0.901091 0.186818
0.968682 0.171885
0.820168 0.209738
0.985853 0.172679
0.417969 0.198652
0.855479 0.202633
0.665422 0.180610
0.416082 0.228233
0.369835 0.223394
0.861522 0.202133
0.849858 0.205697
0.916599 0.192392
0.631794 0.176650
0.117574 0.192382
0.536570 0.164900
0.904904 0.177010
0.221702 0.235929
0.182917 0.181337
0.437966 0.163051
0.091038 0.245979
0.315147 0.207679
0.427168 0.206028
0.019840 0.163084
0.268328 0.214180
0.908510 0.211438
0.942610 0.183362
0.680718 0.190675
0.812984 0.178376
0.010372 0.233394
0.507172 0.195861
0.993255 0.166500
0.758585 0.208204
0.731399 0.213997
0.373961 0.194088
0.003600 0.163265
0.211771 0.237877
0.056165 0.209323
0.640124 0.208840
0.914178 0.202066
0.787132 0.191247
0.884263 0.204041
0.731664 0.184827
0.618332 0.244484
0.357969 0.215939
0.396673 0.209959
0.002399 0.040235
0.705553 0.221603
0.795986 0.183249
0.530984 0.226757
0.836135 0.196527
0.513150 0.200107
0.006795 0.167414
0.273112 0.174352
0.347371 0.223251
0.248748 0.200207
0.461087 0.196982
0.480753 0.190708
0.000400 0.000000
0.086688 0.147396
0.451594 0.186934
0.124616 0.214500
0.933169 0.186429
0.748736 0.212005
0.481826 0.187664
0.470066 0.211592
0.763825 0.216500
0.208335 0.146586
0.041379 0.162937
0.504766 0.220831
0.463084 0.188158
0.570165 0.226103
0.606838 0.189482
0.842947 0.205625
0.340230 0.211769
0.972918 0.187758
0.199669 0.217888
0.807356 0.213982
0.085855 0.119916
0.061416 0.151459
0.653644 0.167030
0.914639 0.214964
0.984758 0.190204
0.940799 0.205070
0.160864 0.202876
0.906968 0.194698
0.786319 0.191231
0.994379 0.185750
0.474228 0.204155
0.479787 0.202434
0.055392 0.182677
0.433804 0.191830
0.319299 0.202410
0.782191 0.194247
0.563091 0.177919
0.573159 0.206176
0.779525 0.185512
0.490158 0.203988
0.031309 0.170607
0.584362 0.200705
0.543536 0.179192
0.575521 0.194384
0.803232 0.216858
0.783130 0.200956
0.279355 0.198503
0.228193 0.192413
0.533496 0.187753
0.217390 0.187580
0.275757 0.222651
0.841543 0.213670
0.468321 0.222424
0.350962 0.204101
0.932517 0.198702
0.510103 0.169915
0.101975 0.144012
0.704681 0.175241
0.523134 0.196882
0.998423 0.123564
0.857320 0.201879
0.000800 0.020408
0.607868 0.171128
0.929814 0.201973
0.929620 0.200657
0.884573 0.196411
0.999990 0.015949
0.692191 0.204066
0.888959 0.196583
0.789077 0.195019
0.607531 0.156707
0.017087 0.080360
0.332433 0.200132
0.006786 0.123099
0.433601 0.146399
0.949053 0.198445
0.047174 0.099131
0.367831 0.282790
0.478769 0.219086
0.498782 0.209044
0.470400 0.143725
0.349474 0.183894
0.129751 0.168016
0.638634 0.174578
0.780473 0.212179
0.590033 0.221268
0.742060 0.203013
0.150174 0.151300
0.679718 0.179552
0.959810 0.207394
0.041859 0.133339
0.268267 0.173106
0.226174 0.162717
0.330669 0.179277
0.122933 0.261452
0.026514 0.262007
0.632037 0.217315
0.150488 0.206664
0.121754 0.191480
0.000400 0.000000
0.764892 0.222587
0.729914 0.195779
0.344887 0.198318
0.575537 0.192108
0.055162 0.098313
0.912383 0.205167
0.920793 0.189332
0.884987 0.208437
0.585928 0.226888
0.872861 0.172470
0.535792 0.215138
0.001600 0.030318
0.867668 0.199929
0.305756 0.176642
0.040913 0.130461
0.854574 0.210338
0.044437 0.193715
0.528613 0.208464
0.552380 0.211546
0.744415 0.202113
0.576207 0.188444
0.801087 0.196908
0.376101 0.154591
0.580393 0.181089
0.002800 0.122449
0.893793 0.189037
0.720793 0.192907
0.825540 0.223109
0.850244 0.176870
0.097027 0.147133
0.699674 0.205589
0.923886 0.185137
0.951024 0.190733
0.487915 0.162568
0.043318 0.261279
0.918571 0.198009
0.180006 0.205831
0.424275 0.208831
0.328213 0.183630
0.892243 0.210291
0.446377 0.198555
0.077110 0.197220
0.903961 0.186176
0.895841 0.172985
0.509319 0.208724
0.629983 0.192385
0.292248 0.218248
0.393871 0.208733
0.632245 0.173687
0.052623 0.137343
0.004393 0.046767
0.500841 0.173847
0.906864 0.190320
0.806375 0.237727
0.674308 0.206794
0.885367 0.192246
0.005592 0.115316
0.617217 0.193748
0.197874 0.144003
0.240593 0.233223
0.547320 0.186597
0.861897 0.197640
0.417593 0.209815
0.931129 0.196402
0.136339 0.181750
0.966470 0.186393
0.226712 0.209929
0.810239 0.192720
0.399598 0.197194
0.240110 0.228414
0.679371 0.179530
0.238828 0.171328
0.005195 0.149914
0.847306 0.212997
0.746254 0.182278
0.301609 0.205620
0.774654 0.197946
0.079594 0.264329
0.832859 0.195072
0.822784 0.205416
0.000800 0.020408
0.236601 0.207484
0.759044 0.192282
0.806677 0.207522
0.234335 0.216331
0.948328 0.214402
0.675914 0.194017
0.652812 0.202995
0.871577 0.221547
0.634095 0.188765
0.000800 0.020408
0.991420 0.181747
0.955177 0.184380
0.938280 0.179993
0.925897 0.206480
0.739805 0.194084
0.390415 0.217180
0.189083 0.262779
0.964758 0.194452
0.780610 0.204683
0.712945 0.200912
0.501908 0.230057
0.999157 0.098081
0.004398 0.166670
0.348563 0.181104
0.522915 0.212905
0.861548 0.197629
0.224113 0.219963
0.009565 0.097042
0.894594 0.213780
0.201591 0.169098
0.594744 0.225227
0.435183 0.179984
0.698910 0.191861
0.872391 0.198608
0.024923 0.144128
0.669421 0.167907
0.973590 0.175658
0.966277 0.178552
0.986526 0.180360
0.724891 0.200949
0.963710 0.205138
0.624809 0.190048
0.920373 0.195854
0.763843 0.201428
0.150521 0.163343
0.853333 0.219913
0.102815 0.204201
0.999689 0.070389
0.788132 0.182795
0.450774 0.203492
0.827000 0.187198
0.700974 0.173092
0.968146 0.194842
0.857786 0.184879
0.862868 0.204911
0.000400 0.000000
0.475786 0.215820
0.020263 0.226911
0.252084 0.230673
0.620418 0.236420
0.665803 0.199187
0.822933 0.205757
0.637954 0.209475
0.147526 0.205400
0.029707 0.214904
0.646535 0.206773
0.703168 0.195780
0.886935 0.223476
0.723032 0.178346
0.243186 0.198630
0.010764 0.133136
0.830801 0.202589
0.446574 0.213550
0.953203 0.193927
0.915133 0.192080
0.631502 0.174201
0.404195 0.186471
0.808910 0.215049
0.823077 0.185793
0.045644 0.126880
0.974101 0.173056
0.990470 0.183039
0.656164 0.187734
0.419792 0.221402
0.100355 0.231301
0.165412 0.149580
0.864419 0.207177
0.686960 0.189948
0.365644 0.200158
0.291851 0.210415
0.842222 0.191894
0.597301 0.203656
0.719434 0.188863
0.655595 0.220163
0.005590 0.079960
0.956293 0.196796
0.661457 0.219337
0.973458 0.187118
0.509919 0.215530
0.960703 0.202684
0.028804 0.086574
0.760946 0.208772
0.534517 0.178521
0.999376 0.086026
0.490609 0.220345
0.003599 0.126670
0.770415 0.186603
0.954586 0.201107
0.062034 0.094116
0.586418 0.202964
0.531472 0.181097
0.479665 0.221514
0.710967 0.211031
0.005993 0.096962
0.005192 0.067625
0.088189 0.113590
0.399915 0.210303
0.410177 0.173318
0.901218 0.219813
0.543590 0.177230
0.737764 0.167966
0.189440 0.198712
0.008377 0.123892
0.476282 0.187071
0.007200 0.346939
0.656390 0.200053
0.378390 0.206736
0.927703 0.183756
0.470619 0.158277
0.931057 0.209711
0.979793 0.180135
0.001200 0.040816
0.493884 0.197581
0.520798 0.207120
0.019059 0.211902
0.880467 0.194982
0.036417 0.236051
0.671596 0.180472
0.934023 0.194243
0.888701 0.197425
0.183939 0.135164
0.956416 0.195048
0.501834 0.234465
0.338642 0.197056
0.074497 0.276015
0.888469 0.177912
0.506412 0.206083
0.554309 0.191934
0.508855 0.140688
0.134361 0.264242
0.965423 0.187405
0.919409 0.204200
0.790075 0.241953
0.664930 0.190438
0.292161 0.165712
0.391594 0.182014
0.577690 0.232058
0.670876 0.192600
0.079179 0.203041
0.002399 0.067713
0.407779 0.232558
0.304844 0.139340
0.966180 0.172876
0.130829 0.260415
0.486439 0.183672
0.156903 0.230461
0.948263 0.188660
0.799813 0.197966
0.545892 0.206317
0.863865 0.197759
0.568573 0.171546
0.445048 0.169033
0.403273 0.230136
0.000400 0.000000
0.334314 0.154333
0.207183 0.202599
0.967333 0.189195
0.536354 0.181869
0.653985 0.213663
0.944968 0.212637
0.685823 0.181332
0.644210 0.190542
0.003996 0.084827
0.588034 0.210860
0.764990 0.189105
0.008770 0.084103
0.824232 0.218013
0.486706 0.245088
0.781482 0.217207
0.936117 0.213468
0.754274 0.205692
0.899440 0.189990
0.849987 0.187435
0.980749 0.184846
0.915428 0.209969
0.878514 0.215986
0.434371 0.187884
0.041493 0.105234
0.724192 0.195523
0.824842 0.178767
0.534226 0.185424
0.455474 0.220333
0.582191 0.188092
0.924039 0.199425
0.919285 0.187949
0.509977 0.197547
0.012346 0.166197
0.220857 0.175160
0.477546 0.175085
0.496736 0.271456
0.366323 0.230322
0.941004 0.189480
0.472832 0.159403
0.544314 0.204570
0.201664 0.184419
0.749219 0.215825
0.745504 0.201833
0.427591 0.182416
0.597082 0.204334
0.687565 0.203222
0.647365 0.230689
0.896515 0.195233
0.973213 0.189154
0.875569 0.193015
0.924374 0.180754
0.877853 0.177734
0.053094 0.313347
0.987779 0.175607
0.787336 0.204147
0.948800 0.193636
0.436639 0.192495
0.003198 0.029902
0.298621 0.167165
0.499198 0.183572
0.527108 0.188193
0.811753 0.188745
0.048567 0.216397
0.013520 0.070127
0.889180 0.217320
0.483270 0.193099
0.021850 0.104834
0.984934 0.186528
0.575029 0.212604
0.845920 0.218009
0.535624 0.182141
0.609468 0.196662
0.566232 0.199607
0.922581 0.192762
0.869824 0.194658
0.604087 0.196764
0.888985 0.197810
0.952994 0.210968
0.341178 0.202283
0.056050 0.177408
0.000400 0.000000
0.469834 0.159773
0.058801 0.248933
0.881536 0.197856
0.829192 0.187161
0.895854 0.197910
0.597784 0.187708
0.027756 0.170616
0.318380 0.199597
0.431309 0.209544
0.530089 0.220862
0.003598 0.072021
0.801279 0.199799
0.074692 0.120638
0.192667 0.241028
0.656502 0.204628
0.576918 0.193759
0.832259 0.187881
0.132413 0.182461
0.218867 0.286082
0.035845 0.285128
0.852850 0.211087
0.757005 0.210908
0.690279 0.207288
0.908523 0.195339
0.228369 0.192572
0.425274 0.226429
0.786432 0.199402
0.835319 0.192156
0.701734 0.193287
0.977104 0.181304
0.951233 0.181222
0.491681 0.192176
0.004400 0.204082
0.404595 0.221050
0.907149 0.193653
0.243081 0.204163
0.245864 0.172532
0.612352 0.188168
0.059449 0.188050
0.588163 0.220943
0.697046 0.193588
0.078607 0.228293
0.261794 0.220575
0.958742 0.195911
0.417975 0.234345
0.481264 0.189007
0.066910 0.139023
0.000400 0.000000
0.498129 0.195634
0.514002 0.219316
0.708604 0.182883
0.600902 0.204340
0.174820 0.261843
0.000400 0.000000
0.332323 0.191123
0.939572 0.195109
0.157827 0.165554
0.293784 0.216166
0.807546 0.192596
0.562010 0.192693
0.869277 0.189277
0.792741 0.185868
0.533435 0.208580
0.799886 0.193119
0.612540 0.191123
0.159783 0.211738
0.214360 0.207969
0.557459 0.186674
0.000800 0.020408
0.738752 0.195554
0.963335 0.191008
0.392792 0.168610
0.167064 0.173870
0.033101 0.161010
0.637333 0.207565
0.705717 0.206215
0.324252 0.200117
0.040998 0.173087
0.496529 0.229870
0.432947 0.185704
0.350513 0.169754
0.250301 0.241111
0.867219 0.167247
0.750030 0.206759
0.932615 0.198234
0.645717 0.179055
0.363691 0.177706
0.764204 0.179533
0.857098 0.215416
0.349786 0.179673
0.838601 0.210745
0.340045 0.174418
0.790028 0.196412
0.282494 0.248153
0.713816 0.193481
0.003596 0.044236
0.015499 0.114614
0.568188 0.219388
0.331045 0.176436
0.852301 0.216191
0.753759 0.206004
0.446262 0.189970
0.813545 0.189770
0.005197 0.143868
0.204670 0.191131
0.283808 0.178403
0.487500 0.190104
0.063998 0.256481
0.600268 0.210979
0.822442 0.191903
0.718098 0.187354
0.978695 0.185571
0.064728 0.361094
0.934617 0.192973
0.653955 0.201668
0.675034 0.219293
0.523059 0.171545
0.963252 0.202006
0.718199 0.205927
0.760238 0.205361
0.039263 0.142143
0.640503 0.205943
0.585529 0.216867
0.873172 0.196811
0.031927 0.145758
0.679950 0.182136
0.007983 0.103200
0.618217 0.212970
0.845082 0.162511
0.494653 0.194999
0.665222 0.188278
0.352666 0.151420
0.392725 0.180815
0.406943 0.198324
0.000800 0.020408
0.867528 0.184688
0.000800 0.020408
0.090142 0.203799
0.567424 0.184255
0.101637 0.163087
0.939621 0.198244
0.665178 0.157862
0.856448 0.197101
0.106143 0.156317
0.302408 0.171036
0.848045 0.171569
0.492342 0.202512
0.800005 0.184821
0.766035 0.219921
0.774679 0.197434
0.993564 0.164328
0.844986 0.200306
0.787434 0.177188
0.764672 0.217667
0.117439 0.202228
0.786525 0.189273
0.917924 0.185420
0.564487 0.200762
0.540492 0.234454
0.125937 0.160126
0.826769 0.204319
0.914546 0.197015
0.000800 0.020408
0.459479 0.195397
0.728594 0.213862
0.835742 0.200515
0.403953 0.209264
0.385084 0.181731
0.000400 0.000000
0.044096 0.217292
0.766856 0.199637
0.528644 0.208510
0.556207 0.208311
0.739034 0.172808
0.601491 0.219138
0.489723 0.205048
0.690291 0.218478
0.000400 0.000000
0.620027 0.204419
0.929320 0.200662
0.805164 0.206388
0.500372 0.222863
0.398547 0.184609
0.958566 0.198582
0.550347 0.192658
0.650667 0.217330
0.270211 0.280743
0.104919 0.208486
0.541732 0.184129
0.545260 0.159196
0.685697 0.189551
0.915311 0.190479
0.839422 0.217799
0.965864 0.183863
0.469170 0.198150
0.904213 0.194022
0.607989 0.219186
0.269718 0.214570
0.505170 0.215685
0.029319 0.146325
0.140493 0.192581
0.270710 0.129454
0.852550 0.200967
0.734767 0.215456
0.413910 0.185981
0.869614 0.206291
0.913757 0.191997
0.467343 0.172045
0.194396 0.226741
0.013950 0.108764
0.022961 0.071700
0.904688 0.193209
0.119718 0.200092
0.964246 0.198020
0.031926 0.122209
0.252312 0.253660
0.364123 0.163482
0.431290 0.200804
0.942037 0.209234
0.612946 0.167993
0.260661 0.202936
0.335713 0.213978
0.352390 0.256899
0.485924 0.203252
0.986716 0.157601
0.418627 0.191780
0.510706 0.168179
0.966258 0.181847
0.412524 0.200462
0.924703 0.203195
0.131950 0.181137
0.738347 0.194705
0.439541 0.162168
0.305241 0.148856
0.616937 0.214711
0.843543 0.173254
0.968414 0.187200
0.871061 0.209952
0.869960 0.194764
0.565269 0.181564
0.515559 0.215055
0.863330 0.213184
0.889829 0.186590
0.803152 0.194917
0.770505 0.200143
0.055955 0.141724
0.332341 0.187140
0.917508 0.202899
0.950999 0.176505
0.534292 0.213546
0.882311 0.213254
0.030404 0.241500
0.237984 0.259152
0.762066 0.193020
0.819849 0.179660
0.140012 0.236333
0.175219 0.189168
0.895338 0.189033
0.167957 0.120667
0.922012 0.188226
0.086138 0.165741
0.178309 0.213746
0.005194 0.130896
0.020647 0.183158
0.810380 0.191782
0.608834 0.194795
0.730168 0.159288
0.438795 0.220202
0.701332 0.192487
0.191543 0.123765
0.008781 0.204183
0.011182 0.281633
0.887875 0.196670
0.000400 0.000000
0.743891 0.198149
0.506790 0.221671
0.480904 0.157318
0.451077 0.175543
0.847084 0.200002
0.817809 0.187336
0.899009 0.201316
0.800794 0.193872
0.597364 0.163221
0.755184 0.203297
0.013940 0.256867
0.932673 0.184237
0.772165 0.200425
0.671352 0.209381
0.628148 0.210222
0.999621 0.071795
0.044953 0.401281
0.031247 0.457910
0.913341 0.183781
0.714690 0.201858
0.691483 0.204289
0.731365 0.188524
0.006793 0.104663
0.475807 0.209934
0.795885 0.191761
0.247803 0.275230
0.741508 0.194405
0.706965 0.176093
0.931258 0.211214
0.762307 0.189464
0.608764 0.182150
0.503960 0.168804
0.016310 0.256739
0.248181 0.204332
0.836351 0.188838
0.839745 0.198834
0.084109 0.235496
0.939272 0.198311
0.000400 0.000000
0.529284 0.216531
0.926590 0.186361
0.045007 0.127762
0.930583 0.185281
0.622109 0.214850
0.855537 0.205759
0.884640 0.200828
0.007982 0.155214
0.078435 0.151673
0.707008 0.184225
0.904376 0.159182
0.199764 0.164359
0.488196 0.198967
0.179887 0.166551
0.490994 0.167386
0.783096 0.193927
0.007984 0.090054
0.605461 0.177715
0.941650 0.183404
0.304713 0.203961
0.356325 0.234179
0.023398 0.156041
0.005985 0.030224
0.514478 0.188098
0.770749 0.184954
0.017094 0.207726
0.021821 0.273113
0.859695 0.200485
0.666160 0.212924
0.005996 0.181762
0.936351 0.212226
0.607357 0.201075
0.966812 0.193782
0.211697 0.164574
0.869430 0.211672
0.009983 0.312269
0.299825 0.166534
0.410100 0.226252
0.623688 0.226797
0.632642 0.187083
0.902779 0.202490
0.688302 0.170499
0.867912 0.202158
0.661747 0.186815
0.857553 0.225951
0.933103 0.209633
0.516106 0.218481
0.741629 0.196738
0.476275 0.176107
0.190561 0.195416
0.988529 0.173557
0.120808 0.235353
0.547235 0.202611
0.665882 0.188076
0.899444 0.198788
0.463115 0.203089
0.064449 0.259405
0.680436 0.213589
0.004794 0.077066
0.100565 0.165288
0.727198 0.181561
0.639468 0.232321
0.583554 0.172684
0.016679 0.105338
0.961835 0.175114
0.997530 0.133624
0.610862 0.220573
0.964283 0.180561
0.741248 0.192636
0.359018 0.200585
0.786434 0.182805
0.914971 0.182622
0.960913 0.179802
0.601966 0.187140
0.007991 0.278820
0.567896 0.234007
0.196866 0.226615
0.915074 0.191661
0.997330 0.133163
0.911590 0.189754
0.518631 0.222914
0.970286 0.191436
0.753053 0.220360
0.335863 0.220188
0.682413 0.181607
0.169039 0.182944
0.869709 0.184592
0.651910 0.184350
0.605980 0.242246
0.589633 0.167383
0.862507 0.185573
0.981279 0.191218
0.001200 0.013340
0.929170 0.212534
0.776145 0.185498
0.646866 0.209817
0.360712 0.213641
0.595625 0.190780
0.555975 0.187351
0.003197 0.050157
0.295086 0.187729
0.480656 0.169858
0.488738 0.170675
0.100666 0.136283
0.724805 0.187306
0.836660 0.202963
0.216233 0.129057
0.500308 0.199155
0.999950 0.031021
0.423948 0.191679
0.291100 0.211491
0.827425 0.183254
0.829128 0.182539
0.912386 0.208141
0.801641 0.187055
0.985327 0.188642
0.487218 0.212305
0.016696 0.083735
0.907625 0.195280
0.584807 0.199332
0.451182 0.185433
0.421474 0.166443
0.007586 0.174593
0.665067 0.180675
0.853409 0.199561
0.845122 0.198947
0.965338 0.183392
0.609766 0.211220
0.985029 0.172700
0.785376 0.228759
0.333048 0.249259
0.880342 0.211142
0.818110 0.230202
0.957443 0.193089
0.122457 0.151121
0.717179 0.170731
0.269213 0.220250
0.542983 0.174176
0.794340 0.195872
0.948259 0.173153
0.997214 0.135731
0.908737 0.216648
0.658138 0.294918
0.663600 0.189406
0.815102 0.213670
0.930806 0.201421
0.811005 0.196945
0.009576 0.116870
0.067489 0.242084
0.923054 0.198446
0.028455 0.098608
0.198536 0.154999
0.166459 0.214367
0.761072 0.187334
0.598130 0.210588
0.925113 0.195748
0.924012 0.184903
0.840958 0.178352
0.088329 0.174517
0.453701 0.204654
0.642272 0.232622
0.767023 0.228280
0.038900 0.200676
0.644528 0.203974
0.872763 0.200100
0.060168 0.131815
0.679299 0.216179
0.019881 0.336454
0.219778 0.212564
0.000400 0.000000
0.314009 0.154762
0.000400 0.000000
0.174136 0.196688
0.618456 0.218131
0.569338 0.214569
0.901272 0.205894
0.193491 0.246373
0.068836 0.233201
0.189591 0.196810
0.666185 0.201337
0.324334 0.245274
0.001600 0.030318
0.051208 0.200217
0.669765 0.164946
0.868340 0.184350
0.517304 0.217876
0.992741 0.187350
0.585400 0.196279
0.569059 0.222447
0.548925 0.211550
0.092673 0.152960
0.183326 0.208590
0.003997 0.084993
0.675566 0.222420
0.892627 0.206662
0.033503 0.225896
0.024570 0.115567
0.030394 0.210111
0.066294 0.143083
0.151219 0.203910
0.894078 0.213007
0.028038 0.130926
0.766800 0.199643
0.722658 0.195318
0.404478 0.220219
0.962512 0.162447
0.227420 0.215153
0.500375 0.235937
0.999983 0.020522
0.123879 0.180570
0.424015 0.174038
0.000400 0.000000
0.460391 0.164135
0.975423 0.182689
0.916942 0.189338
0.498193 0.182499
0.616962 0.190848
0.917227 0.187890
0.587141 0.208604
0.769301 0.194880
0.837592 0.198986
0.277072 0.179878
0.850487 0.189622
0.155863 0.182328
0.673099 0.215363
0.013140 0.166871
0.637018 0.168511
0.144224 0.166658
0.020675 0.428264
0.872195 0.201789
0.955069 0.204528
0.043535 0.262522
0.678104 0.189938
0.621712 0.167381
0.753732 0.213914
0.606230 0.193962
0.684784 0.207055
0.001200 0.040816
0.853042 0.204575
0.561157 0.178083
0.748901 0.199480
0.967554 0.193557
0.978006 0.179246
0.938825 0.207850
0.001600 0.030465
0.132219 0.139583
0.433287 0.183083
0.912571 0.187960
0.722590 0.186904
0.470476 0.203066
0.043114 0.131671
0.090995 0.193590
0.866145 0.179692
0.698883 0.192636
0.444036 0.194513
0.456452 0.182496
0.686090 0.189432
0.341825 0.156126
0.030109 0.130775
0.423816 0.188597
0.439298 0.171906
0.740826 0.172066
0.974626 0.212801
0.821075 0.197538
0.487082 0.201542
0.994309 0.167778
0.710744 0.190156
0.602627 0.197392
0.444601 0.179618
0.506984 0.195257
0.941887 0.183957
0.748796 0.173280
0.658820 0.222369
0.905077 0.215518
0.436170 0.234131
0.008389 0.269167
0.843014 0.200623
0.779738 0.204578
0.394931 0.177579
0.963864 0.186032
0.771889 0.196215
0.498995 0.169825
0.467257 0.174810
0.152408 0.195125
0.924956 0.180405
0.496908 0.191128
0.923913 0.197044
0.832553 0.190873
0.595355 0.180143
0.902260 0.201280
0.008384 0.196736
0.800139 0.180836
0.618373 0.195638
0.372417 0.198069
0.633333 0.178934
0.918021 0.186289
0.933428 0.175005
0.331737 0.238739
0.925410 0.191480
0.833053 0.182549
0.947996 0.209865
0.488769 0.223756
0.760722 0.222404
0.013530 0.150501
0.361017 0.214781
0.509629 0.204079
0.074042 0.242789
0.808142 0.210121
0.893247 0.197534
0.627790 0.192190
0.326199 0.170608
0.642594 0.208210
0.919284 0.187868
0.574114 0.182669
0.521286 0.189148
0.885337 0.211590
0.179526 0.233857
0.808216 0.181972
0.350058 0.168839
0.514459 0.251157
0.859553 0.197390
0.871602 0.179488
0.989928 0.192001
0.241620 0.157084
0.936732 0.180755
0.732156 0.189779
0.810245 0.223636
0.917368 0.205545
0.354144 0.209201
0.625114 0.201177
0.978610 0.180479
0.648353 0.210999
0.702146 0.206712
0.739385 0.233229
0.065421 0.144880
0.829210 0.197269
0.037902 0.092603
0.461448 0.187191
0.316941 0.156143
0.158035 0.212366
0.000400 0.000000
0.811060 0.176477
0.781208 0.189106
0.547932 0.206471
0.863715 0.190634
0.786687 0.219315
0.799272 0.193083
0.306671 0.202309
0.583216 0.192303
0.766502 0.203027
0.010776 0.159906
0.053775 0.166596
0.826531 0.201264
0.806264 0.180843
0.933211 0.193139
0.595421 0.216072
0.009976 0.048313
0.052816 0.197219
0.002400 0.102041
0.880993 0.181934
0.897989 0.199772
0.768468 0.188908
0.773686 0.204793
0.575194 0.196196
0.868217 0.185250
0.887290 0.193959
0.591701 0.191152
0.820920 0.192931
0.971868 0.178641
0.760531 0.197189
0.256352 0.183744
0.107791 0.192543
0.604369 0.197409
0.002400 0.067870
0.000400 0.000000
0.587992 0.177540
0.439370 0.217154
0.687421 0.204147
0.218478 0.209746
0.492764 0.198689
0.233925 0.143035
0.798773 0.217729
0.710341 0.182503
0.666372 0.197506
0.122788 0.219427
0.030480 0.109493
0.039472 0.240170
0.864755 0.184028
0.995360 0.146366
0.713095 0.179730
0.950247 0.190930
0.839136 0.204741
0.344250 0.183246
0.512289 0.231157
0.466984 0.199729
0.694098 0.221341
0.006784 0.086687
0.767247 0.197598
0.870504 0.193937
0.514444 0.212053
0.717995 0.217526
0.773367 0.189624
0.202721 0.184885
0.684576 0.175083
0.935664 0.192393
0.275563 0.217305
0.001200 0.013473
0.324619 0.160536
0.397404 0.212132
0.881389 0.202530
0.366007 0.218438
0.930267 0.180758
0.015943 0.393751
0.656287 0.195859
0.808383 0.193502
0.848959 0.201192
0.706155 0.186869
0.782270 0.184132
0.298288 0.181726
0.087294 0.265254
0.754532 0.225167
0.471233 0.184354
0.608657 0.191877
0.478868 0.233823
0.882663 0.192212
0.007580 0.102936
0.001200 0.013473
0.777899 0.200483
0.500428 0.205187
0.893184 0.192889
0.445971 0.158104
0.344719 0.239014
0.142464 0.210458
0.720202 0.201460
0.968354 0.184925
0.353643 0.194506
0.407765 0.165325
0.850763 0.196822
0.033243 0.142007
0.046191 0.211082
0.486231 0.170496
0.079830 0.124360
0.682439 0.213254
0.549574 0.219462
0.268687 0.167775
0.865712 0.210050
0.051637 0.267577
0.807825 0.217269
0.666645 0.202856
0.000800 0.020408
0.557712 0.220576
0.561947 0.181882
0.854121 0.193461
0.473448 0.188067
0.000800 0.020408
0.507338 0.223880
0.024918 0.105315
0.888033 0.203523
0.888540 0.181918
0.542927 0.159883
0.319432 0.175833
0.706504 0.225471
0.010767 0.219841
0.692180 0.184156
0.799986 0.173741
0.000400 0.000000
0.478753 0.222811
0.773895 0.192075
0.002000 0.081633
0.861890 0.213385
0.026887 0.196034
0.505008 0.214157
0.238246 0.159331
0.930802 0.195366
0.533690 0.219802
0.928336 0.221227
0.385281 0.197765
0.409743 0.218186
0.331265 0.185952
0.090820 0.320204
0.580500 0.156491
0.775778 0.187964
0.760938 0.204773
0.986579 0.157220
0.720014 0.202521
0.999958 0.030743
0.790421 0.203917
0.713279 0.166333
0.901657 0.196319
0.185209 0.215053
0.708897 0.187527
0.661715 0.185087
0.451384 0.209723
0.626245 0.228730
0.980371 0.186314
0.824730 0.218782
0.436222 0.184893
0.473896 0.236085
0.907465 0.185126
0.610508 0.191760
0.800184 0.205601
0.047562 0.231082
0.016293 0.151758
0.566465 0.212257
0.803698 0.219140
0.461780 0.179926
0.501767 0.229465
0.843204 0.192013
0.497574 0.212719
0.620187 0.185130
0.990270 0.182297
0.959688 0.195555
0.692170 0.195137
0.583093 0.198363
0.784461 0.195174
0.474358 0.221839
0.000400 0.000000
0.814311 0.225238
0.003596 0.039652
0.011176 0.200906
0.958017 0.186006
0.311207 0.189881
0.074987 0.196812
0.942653 0.176480
0.933197 0.210228
0.900297 0.201171
0.545279 0.191517
0.475268 0.198991
0.709338 0.204294
0.718629 0.180923
0.007582 0.103108
0.642326 0.162165
0.734747 0.204679
0.906592 0.197092
0.622821 0.216730
0.978938 0.209298
0.992382 0.166524
0.008784 0.172863
0.353923 0.231380
0.883566 0.192382
0.500845 0.196443
0.393199 0.182966
0.875469 0.185015
0.292796 0.238976
0.631203 0.168507
0.767041 0.199851
0.831176 0.212663
0.981738 0.210721
0.047308 0.149811
0.021402 0.146358
0.084098 0.182491
0.061662 0.119226
0.727735 0.184296
0.966141 0.176281
0.263002 0.208170
0.769435 0.190002
0.671087 0.191649
0.821476 0.189075
0.199092 0.164369
0.404632 0.237423
0.890915 0.191127
0.293188 0.168771
0.945421 0.176965
0.616957 0.191979
0.480314 0.238645
0.833674 0.214983
0.577814 0.195039
0.966654 0.177808
0.638975 0.174737
0.408926 0.227963
0.697488 0.188938
0.877147 0.193191
0.700917 0.199917
0.222183 0.203414
0.923463 0.190068
0.783564 0.195180
0.360377 0.189194
0.430183 0.202371
0.938521 0.215127
0.108938 0.175268
0.002799 0.034484
0.865027 0.210161
0.829857 0.189947
0.944377 0.190206
0.066870 0.224812
0.264497 0.192120
0.929365 0.196124
0.001200 0.040816
0.500382 0.205439
0.816114 0.179197
0.601803 0.156371
0.450448 0.237185
0.870908 0.208042
0.955967 0.192074
0.443831 0.225501
0.958513 0.199065
0.386109 0.224202
0.930888 0.209813
0.045029 0.177498
0.113978 0.174704
0.629930 0.185929
0.921461 0.195643
0.958582 0.192668
0.798051 0.190835
0.460103 0.229880
0.688290 0.192130
0.936421 0.190177
0.274525 0.197277
0.146270 0.219672
0.575719 0.191938
0.022240 0.110987
0.956392 0.177359
0.464517 0.222822
0.448900 0.199386
0.970468 0.184345
0.852084 0.214305
0.681046 0.211645
0.856000 0.217518
0.581324 0.202369
0.999901 0.046420
0.739473 0.208460
0.567490 0.175374
0.890210 0.199162
0.965017 0.187461
0.098171 0.177114
0.720452 0.196695
0.440804 0.227683
0.086855 0.187476
0.657124 0.206175
0.066305 0.129814
0.017489 0.234496
0.999987 0.017522
0.834019 0.190681
0.156813 0.162242
0.911479 0.200796
0.655821 0.209080
0.542235 0.208250
0.861328 0.216910
0.885612 0.196258
0.526693 0.212956
0.590862 0.186509
0.831301 0.188987
0.531826 0.175271
0.860112 0.197124
0.323822 0.208812
0.084648 0.166486
0.335389 0.181479
0.964966 0.172123
0.310080 0.241170
0.767142 0.181430
0.965940 0.198235
0.128763 0.212603
0.435968 0.195128
0.540935 0.207268
0.831331 0.203421
0.951891 0.185775
0.805609 0.209755
0.780156 0.181440
0.948236 0.202644
0.783206 0.163605
0.982715 0.175653
0.902329 0.202327
0.009974 0.146378
0.774048 0.203456
0.361476 0.183168
0.816194 0.210392
0.744371 0.228232
0.171272 0.186542
0.001200 0.013340
0.291088 0.227808
0.520654 0.191582
0.805613 0.195643
0.499686 0.181673
0.875674 0.197614
0.824799 0.191046
0.841252 0.186887
0.798728 0.167830
0.021831 0.152299
0.329587 0.210912
0.000400 0.000000
0.532722 0.161840
0.514707 0.217387
0.966713 0.203816
0.855225 0.191954
0.017484 0.095126
0.500974 0.213906
0.695093 0.195233
0.851625 0.204804
0.977236 0.196125
0.374554 0.185884
0.535876 0.191940
0.024137 0.126417
0.000400 0.000000
0.030031 0.125247
0.881382 0.191585
0.573357 0.183968
0.658939 0.179300
0.941590 0.204758
0.615908 0.182822
0.012363 0.155489
0.316259 0.171179
0.907180 0.216608
0.367890 0.210124
0.830495 0.193292
0.719399 0.171383
0.397492 0.194028
0.089795 0.160721
0.598003 0.206815
0.702843 0.216419
0.669306 0.212941
0.004398 0.166670
0.001600 0.061224
0.016707 0.231881
0.758366 0.248233
0.072838 0.113604
0.021788 0.121415
0.777719 0.172221
0.821358 0.209929
0.010383 0.165855
0.157898 0.211425
0.831473 0.182734
0.769488 0.219284
0.267161 0.175855
0.899417 0.200217
0.518811 0.248643
0.411348 0.243958
0.998394 0.128699
0.259864 0.199612
0.924211 0.190988
0.005595 0.110042
0.216147 0.205909
0.010382 0.330053
0.850556 0.181750
0.681397 0.210385
0.755004 0.192965
0.008381 0.163358
0.758215 0.211790
0.544987 0.194874
0.028056 0.154163
0.116728 0.153171
0.106639 0.171723
0.820008 0.180953
0.439291 0.199229
0.175220 0.189450
0.538499 0.172393
0.051708 0.200527
0.833984 0.221049
0.732993 0.177340
0.208928 0.209454
0.187178 0.228628
0.775576 0.207256
0.922595 0.188721
0.446433 0.172232
0.717901 0.217708
0.468823 0.207725
0.837979 0.188095
0.166959 0.171786
0.831161 0.214190
0.651183 0.181985
0.186879 0.146319
0.187673 0.231837
0.029233 0.166711
0.002400 0.102041
0.024176 0.291937
0.000400 0.000000
0.680607 0.190231
0.398510 0.189736
0.069114 0.276795
0.751660 0.220110
0.508822 0.156258
0.005194 0.130896
0.783899 0.196023
0.952686 0.188717
0.855690 0.204633
0.496518 0.217308
0.778894 0.205530
0.035027 0.114608
0.959141 0.199905
0.013195 0.576215
0.090197 0.202290
0.366650 0.192491
0.797865 0.195107
0.789932 0.196831
0.694572 0.161745
0.507985 0.210615
0.175030 0.213663
0.857004 0.198699
0.767807 0.194972
0.000400 0.000000
0.122686 0.225034
0.446579 0.230193
0.171403 0.233220
0.011150 0.093600
0.854522 0.224305
0.953759 0.199405
0.554373 0.177891
0.916849 0.205949
0.013543 0.160961
0.504950 0.154233
0.015136 0.325833
0.807805 0.204566
0.711373 0.181932
0.953492 0.196979
0.972467 0.174798
0.878729 0.182029
0.192550 0.202074
0.183644 0.183824
0.891979 0.207604
0.650938 0.196788
0.446760 0.211411
0.256871 0.187777
0.000800 0.020408
0.164090 0.209193
0.883938 0.191189
0.789835 0.205279
0.496590 0.174189
0.728060 0.199023
0.005198 0.206926
0.998732 0.118074
0.505198 0.224664
0.116884 0.173437
0.543640 0.173192
0.992599 0.178014
0.012348 0.162361
0.189453 0.211006
0.687399 0.186308
0.709432 0.208519
0.954549 0.219899
0.842650 0.202516
0.922070 0.211916
0.578098 0.195772
0.695553 0.218123
0.160904 0.219920
0.067190 0.272122
0.720643 0.181129
0.015122 0.235626
0.112676 0.147783
0.452978 0.168478
0.893848 0.225216
0.879137 0.175193
0.679989 0.208534
0.261355 0.178816
0.697633 0.197368
0.332977 0.174817
0.028865 0.302311
0.810661 0.189586
0.129854 0.231415
0.116948 0.181565
0.949620 0.188221
0.732900 0.195870
0.910373 0.209187
0.388163 0.192029
0.508631 0.199292
0.601659 0.176481
0.448727 0.190671
0.477737 0.188675
0.559223 0.211822
0.394542 0.182499
0.054898 0.093227
0.170555 0.198823
0.851114 0.195263
0.969293 0.189176
0.186029 0.192007
0.657850 0.183401
0.669262 0.193422
0.996881 0.142010
0.000800 0.020408
0.501467 0.164997
0.828195 0.198020
0.733950 0.182605
0.358703 0.233178
0.716171 0.205834
0.005195 0.090232
0.506953 0.248105
0.791879 0.217361
0.382465 0.195316
0.741913 0.198046
0.716734 0.201206
0.499407 0.200522
0.800598 0.199282
0.901513 0.198608
0.957299 0.202722
0.925840 0.211624
0.402222 0.197640
0.124616 0.149845
0.034049 0.287951
0.368686 0.199341
0.709346 0.223441
0.562211 0.210479
0.898018 0.205397
0.413759 0.188603
0.001600 0.061224
0.886504 0.188650
0.020270 0.108748
0.528524 0.202786
0.583186 0.170664
0.862299 0.200883
0.765910 0.191828
0.893629 0.193100
0.107024 0.178441
0.971275 0.193217
0.024558 0.252755
0.001999 0.048672
0.353508 0.188956
0.839669 0.192996
0.779057 0.215011
0.391307 0.244229
0.651327 0.200728
0.001200 0.040816
0.003997 0.064664
0.829050 0.166550
0.447440 0.200495
0.037060 0.188511
0.948244 0.193939
0.796783 0.199126
0.540290 0.225012
0.114074 0.174825
0.729512 0.181483
0.388663 0.140477
0.657642 0.190987
0.874072 0.198927
0.291435 0.283825
0.448319 0.185929
0.054629 0.148242
0.039042 0.193958
0.584365 0.196645
0.718799 0.213791
0.802637 0.220996
0.903368 0.210682
0.810345 0.203021
0.001200 0.040816
0.368731 0.185625
0.003600 0.163265
0.468882 0.193548
0.503152 0.202773
0.386852 0.202522
0.801731 0.192930
0.000400 0.000000
0.751357 0.187853
0.871040 0.191443
0.197852 0.211532
0.405379 0.188866
0.027349 0.171717
0.001600 0.020210
0.958696 0.192356
0.099898 0.254747
0.962153 0.197480
0.435420 0.204240
0.993778 0.147233
0.834319 0.197145
0.529291 0.226891
0.907101 0.181218
0.580788 0.181226
0.927949 0.203518
0.620140 0.211106
0.000400 0.000000
0.793401 0.205240
0.837166 0.203678
0.960682 0.206907
0.274866 0.223784
0.623853 0.215174
0.000800 0.020408
0.012740 0.133681
0.278028 0.204339
0.000400 0.000000
0.967557 0.201329
0.777041 0.194296
0.506299 0.194700
0.643353 0.199842
0.951643 0.204615
0.239635 0.149592
0.741242 0.223697
0.999872 0.054017
0.006392 0.070278
0.949359 0.199889
0.615339 0.168615
0.028956 0.245860
0.005991 0.112948
0.059487 0.252789
0.865669 0.190207
0.611667 0.223708
0.626688 0.185325
0.919749 0.203669
0.588003 0.183830
0.892968 0.198846
0.440199 0.181705
0.143325 0.192077
0.506614 0.184277
0.444773 0.174666
0.347547 0.164970
0.082643 0.157729
0.172091 0.194873
0.754322 0.186251
0.766469 0.182374
0.005593 0.132985
0.962429 0.186853
0.025777 0.103455
0.952362 0.194201
0.321059 0.167194
0.665907 0.228512
0.515539 0.205524
0.466662 0.217683
0.034434 0.198232
0.007587 0.187610
0.767725 0.217353
0.000400 0.000000
0.998841 0.121856
0.370711 0.177730
0.959536 0.192135
0.260912 0.172134
0.952083 0.204974
0.046755 0.411778
0.982059 0.185518
0.088314 0.191293
0.952032 0.190423
0.762638 0.196644
0.007985 0.196450
0.863031 0.212694
0.200565 0.210312
0.960960 0.192806
0.993904 0.167734
0.046928 0.152492
0.032115 0.340389
0.607296 0.215015
0.338526 0.205199
0.912339 0.184907
0.673288 0.174808
0.668612 0.212319
0.011147 0.071434
0.149577 0.183601
0.205806 0.149944
0.157846 0.177755
0.837315 0.192979
0.669789 0.182063
0.906070 0.191800
0.842929 0.199913
0.887213 0.192832
0.894199 0.213845
0.160298 0.206784
0.397719 0.161463
0.132968 0.211411
0.045804 0.199600
0.522969 0.189182
0.741798 0.190802
0.831860 0.199659
0.574895 0.192853
0.928456 0.180540
0.948876 0.191353
0.733844 0.209586
0.581076 0.188824
0.668182 0.196223
0.907260 0.185824
0.811977 0.198319
0.075145 0.233372
0.400935 0.211680
0.828752 0.190235
0.125958 0.177117
0.789004 0.204505
0.720141 0.181498
0.244128 0.211219
0.977210 0.192520
0.498969 0.141691
0.913872 0.189535
0.734640 0.180484
0.892436 0.191097
0.796275 0.183955
0.786302 0.185244
0.881339 0.197918
0.854065 0.213395
0.945053 0.178908
0.084294 0.158819
0.755583 0.195388
0.027254 0.110109
0.558979 0.170587
0.667491 0.213650
0.507999 0.131992
0.702268 0.168804
0.686172 0.188732
0.878872 0.193084
0.592143 0.195781
0.019066 0.250737
0.274717 0.268621
0.205776 0.173937
0.144222 0.212213
0.883003 0.199596
0.957999 0.206603
0.656459 0.169993
0.895405 0.185073
0.788775 0.215731
0.775584 0.191234
0.498253 0.189921
0.007597 0.328422
0.762886 0.181786
0.630005 0.219041
0.669551 0.213887
0.010369 0.211184
0.686815 0.185783
0.047338 0.214849
0.779627 0.189817
0.914653 0.183649
0.025793 0.160650
0.860747 0.201490
0.832417 0.189888
0.947419 0.194262
0.006397 0.206242
0.723010 0.203636
0.994569 0.141049
0.045791 0.172288
0.014739 0.224045
0.050160 0.130300
0.528338 0.198271
0.002800 0.122449
0.037342 0.133213
0.001200 0.040816
0.002000 0.048826
0.584093 0.172959
0.959802 0.193898
0.057303 0.272473
0.419474 0.195514
0.492353 0.186497
0.986444 0.186979
0.002000 0.081633
0.500697 0.213424
0.720551 0.203637
0.576635 0.199254
0.088133 0.167126
0.015113 0.155233
0.245421 0.231110
0.980441 0.181368
0.005991 0.033865
0.921120 0.178055
0.442571 0.216157
0.729626 0.195886
0.269302 0.226753
0.829341 0.183369
0.064667 0.158516
0.415982 0.188603
0.518634 0.206062
0.466520 0.197426
0.479721 0.213216
0.896624 0.192381
0.695845 0.189475
0.966513 0.196539
0.779204 0.175014
0.963774 0.189504
0.006389 0.138893
0.429665 0.207907
0.879696 0.218032
0.053367 0.116938
0.326163 0.194619
0.782204 0.205166
0.551221 0.182209
0.913531 0.200215
0.644747 0.200243
0.457518 0.143684
0.655424 0.167475
0.879749 0.179358
0.928146 0.173565
0.489675 0.207388
0.992877 0.173534
0.003198 0.075924
0.126602 0.208122
0.170045 0.225030
0.605152 0.198448
0.185271 0.293874
0.685545 0.185001
0.837511 0.200839
0.521023 0.191230
0.876839 0.185172
0.729638 0.219261
0.865361 0.216352
0.972571 0.184212
0.829335 0.181178
0.860761 0.185638
0.151875 0.203371
0.646467 0.194681
0.977831 0.177388
0.732656 0.175859
0.249844 0.179341
0.658291 0.212246
0.866287 0.197749
0.178213 0.196515
0.934565 0.196999
0.048413 0.366501
0.071374 0.188982
0.284257 0.165286
0.827699 0.195715
0.588754 0.168858
0.839910 0.197368
0.040551 0.174439
0.889385 0.182054
0.949769 0.180536
0.241724 0.218605
0.836732 0.204895
0.767709 0.211021
0.403833 0.184043
0.911277 0.203441
0.566400 0.207929
0.564753 0.209724
0.776225 0.203839
0.005991 0.069395
0.884719 0.182317
0.974086 0.182639
0.033931 0.250345
0.601652 0.178154
0.773789 0.193262
0.256120 0.196424
0.612312 0.216752
0.731283 0.216909
0.784319 0.189230
0.455350 0.247101
0.000400 0.000000
0.784739 0.186668
0.501536 0.221087
0.541660 0.224697
0.072130 0.159678
0.807550 0.211038
0.595297 0.224328
0.668582 0.171136
0.034845 0.124996
0.378980 0.219237
0.191910 0.242248
0.659952 0.195489
0.752755 0.199761
0.764579 0.211197
0.750688 0.196579
0.920068 0.214521
0.435995 0.165821
0.752997 0.229148
0.837716 0.201201
0.280686 0.233802
0.765193 0.198026
0.804089 0.196129
0.251105 0.178488
0.513055 0.216554
0.853980 0.183960
0.865059 0.197714
0.144843 0.134542
0.306508 0.237335
0.698924 0.199434
0.868136 0.196957
0.733951 0.196020
0.805191 0.202390
0.957815 0.185757
0.860254 0.195169
0.916449 0.201977
0.629933 0.221180
0.509004 0.214184
0.772188 0.221412
0.072611 0.204711
0.233887 0.154276
0.138923 0.202906
0.901377 0.193904
0.820927 0.180002
0.719588 0.200710
0.954111 0.191819
0.268247 0.199214
0.849615 0.168161
0.008378 0.137652
0.946338 0.206962
0.406933 0.194472
0.000800 0.020408
0.698458 0.198362
0.882633 0.209563
0.783915 0.204443
0.447556 0.193861
0.669394 0.192178
0.385598 0.209900
0.296974 0.237588
0.846283 0.178361
0.527873 0.197720
0.875474 0.194400
0.681637 0.204951
0.081072 0.274320
0.589118 0.217785
0.927123 0.201568
0.861521 0.203203
0.988433 0.209278
0.956243 0.190787
0.500212 0.253231
0.002399 0.013107
0.600159 0.216588
0.929971 0.193251
0.791136 0.179408
0.695941 0.197726
0.289474 0.210193
0.161097 0.220144
0.715900 0.189500
0.682047 0.212323
0.500562 0.209281
0.775636 0.194057
0.899023 0.158042
0.551551 0.233760
0.932491 0.185644
0.343336 0.198285
0.005194 0.118213
0.965178 0.188349
0.759892 0.203195
0.890270 0.212493
0.556281 0.182779
0.663650 0.175641
0.367979 0.197493
0.782055 0.201810
0.750493 0.200526
0.010754 0.094386
0.911539 0.173902
0.492394 0.197838
0.661265 0.218418
0.329522 0.199880
0.566747 0.224590
0.314858 0.183280
0.643178 0.181983
0.323900 0.205599
0.439184 0.209424
0.685676 0.199943
0.506053 0.218216
0.978890 0.197517
0.290671 0.191232
0.023421 0.193117
0.585092 0.171887
0.837808 0.173538
0.452422 0.202840
0.514275 0.221143
0.469434 0.209886
0.625541 0.219928
0.053402 0.193793
0.200688 0.152222
0.105265 0.219851
0.000400 0.000000
0.706482 0.220478
0.732788 0.213304
0.876442 0.202210
0.578643 0.179247
0.776534 0.194033
0.404485 0.227055
0.000800 0.020408
0.820015 0.215097
0.863991 0.195522
0.849995 0.213364
0.245419 0.170464
0.824444 0.208917
0.740484 0.206487
0.753598 0.181288
0.680228 0.190320
0.754872 0.217286
0.732542 0.181213
0.309776 0.222850
0.517705 0.211308
0.319700 0.218042
0.887005 0.206769
0.904395 0.199411
0.837626 0.209028
0.259282 0.223383
0.053635 0.151792
0.955151 0.199084
0.003997 0.117797
0.689710 0.198125
0.165252 0.196723
0.809731 0.192617
0.898507 0.182708
0.695773 0.204549
0.001200 0.040816
0.033467 0.115290
0.818990 0.194817
0.926544 0.208011
0.739532 0.226118
0.881109 0.207418
0.602041 0.207417
0.899801 0.196956
0.703982 0.212850
0.769269 0.183640
0.878338 0.206712
0.003599 0.099490
0.240479 0.186181
0.729539 0.194907
0.991529 0.171735
0.655286 0.177266
0.115153 0.188941
0.670811 0.206444
0.725161 0.202215
0.235475 0.223627
0.658410 0.196754
0.593369 0.203318
0.232682 0.240024
0.353951 0.170900
0.039062 0.327697
0.903817 0.187085
0.833878 0.165688
0.156898 0.170344
0.905208 0.192572
0.245011 0.179544
0.534665 0.204522
0.426368 0.190256
0.229951 0.159677
0.759170 0.196813
0.518215 0.198520
0.345935 0.208299
0.737340 0.172613
0.899551 0.200626
0.411413 0.174691
0.994469 0.161862
0.802972 0.195428
0.774252 0.209750
0.587483 0.219416
0.763782 0.187235
0.498976 0.179626
0.003999 0.146628
0.525781 0.182184
0.819839 0.207291
0.850783 0.208431
0.907007 0.207170
0.972612 0.194435
0.137318 0.183602
0.636627 0.176297
0.955389 0.199830
0.949260 0.190063
0.439303 0.190313
0.874306 0.207992
0.830145 0.201094
0.561765 0.214167
0.270176 0.147344
0.751465 0.213564
0.466045 0.187519
0.029619 0.218103
0.991599 0.189534
0.660063 0.196972
0.864816 0.227355
0.185755 0.123971
0.765258 0.185368
0.845304 0.186401
0.000400 0.000000
0.812380 0.184557
0.858012 0.219800
0.934478 0.193884
0.303502 0.198930
0.005998 0.247335
0.999982 0.022259
0.363872 0.175849
0.847130 0.211908
0.479847 0.249370
0.917694 0.222309
0.495766 0.215891
0.830496 0.166586
0.767320 0.183078
0.002798 0.016812
0.707806 0.182412
0.001200 0.040816
0.826600 0.201687
0.560403 0.164217
0.107338 0.160691
0.859488 0.205745
0.750166 0.229036
0.640788 0.207443
0.675751 0.184678
0.171139 0.243627
0.961867 0.187872
0.871585 0.192417
0.111297 0.171694
0.847190 0.206491
0.985292 0.179334
0.972308 0.197005
0.573620 0.178906
0.747988 0.213684
0.042011 0.288627
0.895574 0.189201
0.955928 0.179111
0.658017 0.199599
0.001599 0.009854
0.696490 0.204196
0.833057 0.227894
0.192974 0.263473
0.048861 0.190202
0.231860 0.203638
0.289247 0.197295
0.684854 0.180197
0.378073 0.227036
0.503846 0.223215
0.803289 0.202452
0.815443 0.191264
0.106182 0.237888
0.583108 0.175257
0.461221 0.191180
0.715128 0.165190
0.891485 0.209803
0.768971 0.200606
0.247815 0.190870
0.844106 0.198417
0.731168 0.214240
0.519402 0.180801
0.040334 0.168170
0.680170 0.205541
0.708926 0.180467
0.918977 0.204848
0.666976 0.201281
0.117128 0.175224
0.013933 0.207290
0.683193 0.164356
0.985353 0.181555
0.837021 0.193906
0.751604 0.195886
0.011549 0.103018
0.688062 0.203062
0.464811 0.179057
0.793941 0.216248
0.859078 0.182931
0.942733 0.194197
0.482962 0.188054
0.936478 0.229680
0.776975 0.184046
0.716344 0.210503
0.300368 0.189539
0.074561 0.349882
0.839283 0.202526
0.677683 0.173788
0.001600 0.030318
0.078979 0.175295
0.477401 0.180015
0.723701 0.198756
0.706599 0.178370
0.641257 0.213904
0.942698 0.181706
0.090828 0.158759
0.171420 0.270438
0.002000 0.081633
0.717020 0.176034
0.997934 0.136019
0.452641 0.175885
0.390374 0.216535
0.285828 0.211227
0.872837 0.172242
0.597930 0.207497
0.782603 0.185732
0.803290 0.201173
0.246920 0.174878
0.023343 0.073621
0.862114 0.164531
0.558981 0.217088
0.857979 0.176251
0.001200 0.040816
0.003600 0.163265
0.820017 0.208309
0.268835 0.199570
0.507299 0.211269
0.002000 0.081633
0.049144 0.164965
0.628020 0.188002
0.399579 0.193211
0.870531 0.212903
0.713774 0.202194
0.965035 0.191731
0.958294 0.219182
0.091930 0.175504
0.188738 0.222072
0.259003 0.127737
0.033103 0.187197
0.942490 0.206158
0.302616 0.197394
0.777765 0.180152
0.671725 0.213539
0.963449 0.195746
0.430325 0.256129
0.660616 0.183866
0.761063 0.200827
0.765694 0.202708
0.663379 0.206634
0.686449 0.215709
0.404962 0.184847
0.426980 0.199351
0.584907 0.217500
0.658574 0.178249
0.004796 0.063885
0.962428 0.188659
0.925986 0.177067
0.002800 0.122449
0.429743 0.201080
0.555487 0.202171
0.954905 0.180762
0.658119 0.179206
0.850892 0.208044
0.272243 0.216248
0.850491 0.180267
0.533225 0.210595
0.317047 0.230527
0.969963 0.187640
0.987937 0.177904
0.005992 0.156756
0.506627 0.240402
0.776341 0.206082
0.529927 0.168095
0.844700 0.202886
0.910136 0.194460
0.921281 0.190010
0.215524 0.217512
0.937072 0.202283
0.638004 0.197036
0.851053 0.193969
0.884395 0.189696
0.750577 0.188597
0.997909 0.129625
0.077137 0.205763
0.137301 0.167507
0.001200 0.040816
0.950182 0.204217
0.277492 0.202741
0.717184 0.191213
0.928154 0.178857
0.115931 0.261632
0.008779 0.181690
0.767906 0.218410
0.522210 0.216517
0.460811 0.204029
0.003597 0.044622
0.714052 0.173318
0.516373 0.212403
0.516066 0.206193
0.498921 0.163682
0.150587 0.199864
0.671889 0.208494
0.819168 0.201520
0.705647 0.196106
0.526625 0.204623
0.175431 0.151429
0.323885 0.193466
0.295517 0.177450
0.389128 0.221956
0.438773 0.148087
0.562033 0.189095
0.717335 0.209193
0.866460 0.198352
0.365316 0.175709
0.735826 0.188185
0.554146 0.167389
0.418630 0.211266
0.974821 0.185675
0.893760 0.207996
0.702956 0.209426
0.881617 0.193541
0.712833 0.177435
0.122404 0.196438
0.724973 0.201130
0.832199 0.190323
0.418780 0.198800
0.688787 0.206260
0.183809 0.185624
0.111179 0.168985
0.858762 0.197535
0.967935 0.172452
0.433676 0.214405
0.344279 0.232966
0.591410 0.195889
0.180789 0.191165
0.002799 0.087147
0.590012 0.186747
0.757630 0.204200
0.268206 0.165185
0.921235 0.181241
0.672660 0.197508
0.789113 0.196431
0.636650 0.184737
0.986704 0.190328
0.001200 0.013340
0.605542 0.185672
0.088659 0.169485
0.563023 0.167396
0.260896 0.152246
0.656586 0.188753
0.502097 0.198724
0.931664 0.191904
0.140957 0.176072
0.733838 0.195441
0.901778 0.206221
0.985399 0.172323
0.394599 0.175768
0.851295 0.190976
0.438463 0.174575
0.328776 0.204593
0.916053 0.183765
0.192290 0.161429
0.918525 0.210571
0.607854 0.162889
0.547472 0.200987
0.732972 0.194189
0.690323 0.184457
0.391287 0.236867
0.560850 0.216350
0.176247 0.177500
0.510232 0.187148
0.015901 0.166275
0.825686 0.226736
0.606344 0.192820
0.921486 0.188817
0.822930 0.210279
0.019903 0.212518
0.752509 0.189867
0.831796 0.190981
0.167596 0.139037
0.845993 0.189967
0.859109 0.206515
0.501650 0.163641
0.405963 0.243000
0.740594 0.193620
0.215037 0.171702
0.022628 0.119021
0.631073 0.176809
0.733278 0.169633
0.012778 0.422492
0.920482 0.177662
0.526005 0.213680
0.271098 0.207094
0.236705 0.169586
0.994165 0.150127
0.786435 0.190456
0.937612 0.187045
0.736601 0.195078
0.586527 0.200217
0.625595 0.197642
0.972879 0.183228
0.068016 0.120735
0.135789 0.175431
0.730183 0.203454
0.388256 0.245816
0.759532 0.216166
0.733026 0.203247
0.763968 0.199689
0.970179 0.190169
0.907027 0.213317
0.101227 0.183894
0.451910 0.160913
0.514552 0.195528
0.047817 0.206493
0.770189 0.210583
0.534086 0.191356
0.883461 0.204076
0.973538 0.193558
0.104493 0.219945
0.541138 0.221806
0.233450 0.198047
0.116263 0.180114
0.892320 0.199656
0.879419 0.201765
0.850119 0.214362
0.673148 0.168658
0.784426 0.190152
0.853525 0.208947
0.816268 0.193462
0.525671 0.231940
0.764166 0.233728
0.975778 0.199056
0.161508 0.192610
0.684174 0.198175
0.467533 0.152705
0.994982 0.148930
0.004000 0.183674
0.540879 0.178299
0.896739 0.183472
0.453745 0.182584
0.967810 0.180738
0.066542 0.146899
0.996653 0.148857
0.627602 0.225051
0.227315 0.224594
0.739280 0.175403
0.117583 0.242846
0.919447 0.188039
0.784305 0.181712
0.996603 0.146054
0.271845 0.209603
0.734414 0.218302
0.036349 0.239129
0.615931 0.188884
0.054333 0.326749
0.311754 0.163522
0.598304 0.229304
0.509865 0.194361
0.475948 0.209912
0.137827 0.195619
0.832172 0.186687
0.869902 0.220499
0.420554 0.232169
0.858551 0.179234
0.745222 0.201334
0.727974 0.219472
0.730983 0.174922
0.195097 0.179726
0.893887 0.193369
0.001599 0.009704
0.174063 0.203242
0.118666 0.170986
0.082115 0.201918
0.752403 0.176299
0.248728 0.215274
0.216302 0.187605
0.642120 0.200467
0.502883 0.200317
0.261447 0.185694
0.959512 0.186543
0.029004 0.626515
0.669810 0.191985
0.980101 0.191570
0.714899 0.188674
0.914730 0.194481
0.836335 0.189388
0.691738 0.202411
0.845598 0.215481
0.125347 0.250994
0.235741 0.173425
0.753781 0.186588
0.934030 0.214595
0.951452 0.176262
0.599143 0.206949
0.061726 0.224348
0.875162 0.179515
0.458876 0.241163
0.541183 0.176348
0.000800 0.020408
0.814313 0.187757
0.709149 0.185468
0.838634 0.196361
0.647286 0.212321
0.952890 0.181009
0.925795 0.202539
0.966104 0.199199
0.412447 0.186518
0.411981 0.188332
0.462461 0.200921
0.689352 0.194156
0.492372 0.160647
0.258419 0.193019
0.963865 0.187480
0.998017 0.141653
0.317178 0.188147
0.801916 0.203469
0.745952 0.210498
0.007989 0.164175
0.640548 0.192515
0.001599 0.020012
0.796420 0.228650
0.886205 0.183319
0.557068 0.177061
0.971049 0.193828
0.565723 0.182957
0.061345 0.187469
0.510642 0.199999
0.235482 0.180181
0.711023 0.215457
0.751626 0.192977
0.041341 0.124252
0.000400 0.000000
0.996390 0.137695
0.599740 0.169804
0.913011 0.213582
0.955743 0.189074
0.129639 0.159425
0.875178 0.198950
0.718736 0.213495
0.798730 0.201263
0.954513 0.216201
0.878536 0.231086
0.837737 0.202858
0.178342 0.187755
0.022181 0.127783
0.000400 0.000000
0.272469 0.192388
0.285373 0.192063
0.964608 0.189901
0.964468 0.186177
0.936592 0.199922
0.676580 0.225987
0.001200 0.040816
0.714007 0.212013
0.276357 0.198701
0.998181 0.128603
0.001200 0.013340
0.002798 0.040041
0.909875 0.200770
0.571102 0.216267
0.099461 0.140104
0.677220 0.196258
0.050732 0.148141
0.819171 0.195095
0.719047 0.171443
0.003996 0.056266
0.000400 0.000000
0.410243 0.232570
0.786502 0.183955
0.395881 0.176148
0.130797 0.197888
0.588771 0.176881
0.063630 0.138263
0.933478 0.196650
0.000400 0.000000
0.898483 0.188565
0.771020 0.213382
0.037123 0.231230
0.660801 0.152247
0.857579 0.207298
0.468670 0.225964
0.726975 0.189945
0.881198 0.191907
0.549994 0.173245
0.408454 0.233227
0.708696 0.191018
0.734403 0.209920
0.202782 0.189961
0.868902 0.198106
0.019101 0.434150
0.693696 0.195695
0.539859 0.174644
0.898622 0.200799
0.617090 0.200659
0.995005 0.158851
0.653878 0.191199
0.796572 0.208722
0.653838 0.204996
0.698339 0.203568
0.152190 0.181796
0.916832 0.210333
0.838457 0.178666
0.931394 0.211452
0.588325 0.186927
0.811260 0.215431
0.028059 0.093169
0.770145 0.180202
0.838414 0.203131
0.936844 0.205426
0.584715 0.206241
0.000400 0.000000
0.513703 0.193514
0.838527 0.184848
0.646712 0.190253
0.025006 0.161341
0.876563 0.207340
0.903582 0.207987
0.041769 0.113892
0.136433 0.186805
0.530199 0.220055
0.996801 0.146773
0.784282 0.199330
0.882974 0.188845
0.618741 0.226210
0.819177 0.186839
0.686349 0.218438
0.940718 0.207535
0.769933 0.182776
0.996481 0.144918
0.897285 0.190283
0.882240 0.225071
0.831204 0.191358
0.659375 0.198622
0.105608 0.272782
0.370929 0.200398
0.985425 0.184937
0.047332 0.202335
0.809759 0.206063
0.474401 0.168068
0.000800 0.020408
0.496150 0.172552
0.070005 0.308150
0.992344 0.167570
0.898214 0.186449
0.000800 0.020408
0.694125 0.214833
0.533265 0.212261
0.210600 0.166849
0.916375 0.197201
0.001600 0.061224
0.759600 0.186768
0.365007 0.185457
0.431904 0.179258
0.209515 0.197252
0.618671 0.177896
0.126655 0.161858
0.019493 0.154478
0.825430 0.211840
0.855801 0.204231
0.001200 0.013340
0.040682 0.165253
0.864919 0.202294
0.563039 0.219179
0.032701 0.141001
0.796049 0.204685
0.804179 0.182800
0.358821 0.235432
0.971798 0.192677
0.772861 0.207514
0.605912 0.176333
0.896772 0.185888
0.033231 0.150530
0.012751 0.207447
0.781103 0.183969
0.601679 0.196276
0.574019 0.205545
0.001200 0.040816
0.613136 0.214596
0.521463 0.193869
0.047431 0.415352
0.420379 0.189575
0.586473 0.161880
0.851529 0.192741
0.076575 0.209734
0.646925 0.198520
0.857238 0.195613
0.528396 0.165036
0.348073 0.176387
0.121714 0.157609
0.223350 0.144090
0.629115 0.200679
0.006785 0.086861
0.003198 0.024796
0.947419 0.180088
0.566214 0.219694
0.676804 0.210009
0.356473 0.172093
0.673665 0.191895
0.216710 0.224769
0.426957 0.187357
0.641245 0.227829
0.342622 0.218059
0.943947 0.176459
0.022258 0.188735
0.867760 0.196655
0.000400 0.000000
0.461755 0.206718
0.505457 0.167292
0.868662 0.189013
0.810520 0.183804
0.957384 0.187565
0.901595 0.189889
0.251694 0.234768
0.793269 0.180112
0.001200 0.040816
0.839699 0.192820
0.362603 0.176521
0.724854 0.191775
0.069713 0.188982
0.787568 0.206278
0.373765 0.211640
0.001999 0.048672
0.491902 0.197468
0.001200 0.040816
0.002798 0.034149
0.743221 0.196130
0.375117 0.174854
0.892990 0.194670
0.726698 0.208744
0.803559 0.217685
0.730141 0.191411
0.712929 0.176721
0.417747 0.178781
0.091274 0.149992
0.038165 0.294364
0.466439 0.215227
0.206128 0.220693
0.795472 0.193558
0.293011 0.201284
0.028821 0.146022
0.737157 0.183527
0.903827 0.201834
0.008778 0.057909
0.008377 0.131755
0.719365 0.188797
0.870884 0.196988
0.344418 0.196562
0.513437 0.179201
0.293743 0.238930
0.101090 0.242139
0.510964 0.170915
0.308349 0.165376
0.849823 0.185232
0.289367 0.221608
0.995220 0.156105
0.013141 0.163267
0.469091 0.184893
0.877826 0.197479
0.884092 0.209640
0.747961 0.203843
0.001200 0.013340
0.376579 0.183932
0.499763 0.196942
0.234927 0.197458
0.162527 0.229917
0.416445 0.210480
0.864771 0.175377
0.272524 0.187580
0.584363 0.250228
0.875006 0.207721
0.934574 0.204020
0.185053 0.223388
0.005595 0.168304
0.135917 0.156747
0.001999 0.016008
0.158811 0.159367
0.455650 0.230648
0.389776 0.178660
0.001600 0.061224
0.943218 0.195105
0.034261 0.177260
0.620423 0.194375
0.575324 0.226473
0.392205 0.183372
0.180922 0.275952
0.605103 0.195037
0.809052 0.207891
0.017115 0.188696
0.363899 0.220348
0.015934 0.114696
0.177424 0.195424
0.814681 0.197803
0.502584 0.182039
0.918057 0.174574
0.616615 0.199235
0.816478 0.176203
0.280756 0.266877
0.614988 0.222271
0.004395 0.088015
0.687122 0.202637
0.785006 0.185583
0.450806 0.174468
0.808573 0.202253
0.559948 0.187621
0.891101 0.186651
0.477994 0.185338
0.961000 0.200365
0.623022 0.179994
0.934221 0.201928
0.742844 0.196623
0.800654 0.203172
0.889649 0.187196
0.855257 0.193655
0.902768 0.213647
0.876850 0.206743
0.655038 0.213144
0.124212 0.145303
0.782621 0.206580
0.570613 0.212719
0.009967 0.117922
0.947475 0.183859
0.000400 0.000000
0.674202 0.163613
0.353864 0.191710
0.931543 0.186384
0.607335 0.196906
0.847467 0.195191
0.591240 0.186379
0.029317 0.171341
0.598320 0.170821
0.930724 0.198017
0.742967 0.186340
0.860442 0.190924
0.777662 0.200387
0.021033 0.261426
0.853479 0.212711
0.513569 0.191350
0.889168 0.191026
0.317840 0.185189
0.872164 0.183462
0.523075 0.199147
0.990554 0.165307
0.420292 0.206189
0.302609 0.204684
0.701759 0.201715
0.893912 0.205985
0.411172 0.171725
0.927455 0.220822
0.615367 0.189188
0.817327 0.202478
0.804419 0.182668
0.492620 0.206409
0.325912 0.202113
0.491593 0.224031
0.503603 0.224268
0.788348 0.187782
0.761297 0.180721
0.291065 0.182763
0.442938 0.185550
0.430924 0.205788
0.513051 0.210979
0.863958 0.174469
0.390227 0.201889
0.800248 0.180050
0.977507 0.191212
0.002800 0.122449
0.797374 0.189052
0.994151 0.164714
0.794178 0.210221
0.042338 0.150856
0.010367 0.184202
0.945856 0.186924
0.005989 0.090778
0.804598 0.210923
0.729481 0.213016
0.755796 0.185927
0.505010 0.174912
0.779339 0.190879
0.440086 0.204961
0.909557 0.198004
0.432408 0.225939
0.688070 0.195751
0.755763 0.178482
0.822458 0.194510
0.833885 0.217472
0.003200 0.142857
0.116886 0.208436
0.656788 0.193963
0.749030 0.214461
0.425666 0.200216
0.371956 0.194968
0.128734 0.182302
0.379627 0.190032
0.960858 0.184572
0.825557 0.212336
0.868528 0.193597
0.733451 0.220893
0.332427 0.169325
0.559517 0.206122
0.684273 0.209160
0.525073 0.192369
0.699250 0.180182
0.481018 0.201879
0.445717 0.220225
0.817183 0.206203
0.675673 0.174157
0.471954 0.197517
0.737441 0.195629
0.748858 0.166895
0.001600 0.030318
0.808664 0.216960
0.922395 0.173554
0.578067 0.202479
0.220486 0.202465
0.573830 0.211087
0.896306 0.188487
0.422400 0.201628
0.608575 0.229300
0.707705 0.199078
0.816878 0.211173
0.100663 0.245491
0.149414 0.233250
0.001999 0.048672
0.548025 0.200782
0.640615 0.197710
0.813051 0.196938
0.183979 0.185845
0.001600 0.009954
0.965530 0.176546
0.393388 0.198672
0.580405 0.165283
0.481563 0.194443
0.837350 0.196211
0.739631 0.200782
0.540988 0.206274
0.453377 0.176773
0.460528 0.187357
0.805192 0.187518
0.006391 0.049713
0.705919 0.188344
0.910048 0.203792
0.003999 0.146784
0.494448 0.179922
0.988596 0.177180
0.897638 0.199059
0.642510 0.172277
0.812556 0.193083
0.585923 0.193123
0.850379 0.194136
0.678304 0.195328
0.796366 0.193705
0.851031 0.214188
0.982918 0.193497
0.304574 0.181727
0.985896 0.171556
0.732733 0.189626
0.782290 0.185062
0.868216 0.189640
0.818943 0.209573
0.670690 0.211303
0.790961 0.227135
0.860092 0.210887
0.784096 0.200244
0.489446 0.187653
0.377159 0.172416
0.752094 0.166691
0.387654 0.205224
0.684688 0.182860
0.814688 0.222870
0.527242 0.192471
0.701643 0.183491
0.085781 0.169984
0.894992 0.194529
0.057193 0.197424
0.878762 0.201790
0.604180 0.221033
0.836734 0.193541
0.806140 0.188736
0.873082 0.181749
0.945615 0.185940
0.000400 0.000000
0.310526 0.210951
0.574890 0.203595
0.849895 0.191267
0.316056 0.187665
0.500003 0.209132
0.609335 0.193634
0.678752 0.181029
0.008779 0.085048
0.974913 0.195466
0.072011 0.127905
0.964750 0.182099
0.169435 0.196514
0.939261 0.190514
0.475796 0.236648
0.819776 0.191417
0.694829 0.181053
0.514243 0.193600
0.003997 0.048345
0.848156 0.189983
0.886213 0.214765
0.559769 0.208624
0.078164 0.232592
0.222208 0.145791
0.764075 0.186745
0.005593 0.138873
0.395903 0.229166
0.729946 0.196687
0.430882 0.183905
0.741786 0.220613
0.863910 0.211350
0.000800 -0.000202
0.716761 0.193754
0.962088 0.191622
0.732220 0.207621
0.842341 0.179197
0.244370 0.269124
0.857266 0.198458
0.852288 0.172063
0.710216 0.218898
0.838488 0.201682
0.216613 0.239234
0.097056 0.250843
0.910897 0.190912
0.621194 0.199133
0.716244 0.187371
0.169558 0.164262
0.110534 0.166276
0.559869 0.176164
0.000400 0.000000
0.719423 0.165863
0.775722 0.179340
0.547451 0.170330
0.793836 0.178004
0.247141 0.185063
0.374180 0.193621
0.570011 0.233241
0.617320 0.189585
0.836338 0.205468
0.587127 0.192290
0.595993 0.206689
0.442091 0.183768
0.907628 0.180721
0.895413 0.188654
0.825287 0.188300
0.929014 0.182710
0.499020 0.224521
0.668158 0.197184
0.137309 0.173621
0.182480 0.116349
0.832537 0.180905
0.391065 0.172745
0.739519 0.216612
0.226249 0.221736
0.041204 0.130846
0.860023 0.196794
0.761070 0.192222
0.279561 0.179822
0.400941 0.171968
0.069813 0.170259
0.234818 0.194479
0.806421 0.187450
0.768070 0.191942
0.885510 0.204461
0.956030 0.201861
0.026532 0.202206
0.214004 0.173810
0.717029 0.201490
0.266392 0.204579
0.435560 0.171829
0.858628 0.212136
0.998888 0.121635
0.156014 0.188193
0.842968 0.189589
0.457349 0.195149
0.248706 0.173189
0.371924 0.159560
0.496034 0.171781
0.200467 0.172626
0.029341 0.224324
0.868334 0.196134
0.274344 0.230223
0.467271 0.221061
0.308035 0.139749
0.014341 0.195115
0.000400 0.000000
0.546777 0.210155
0.702476 0.188724
0.920389 0.192879
0.928922 0.187049
0.778228 0.205930
0.745427 0.184283
0.545127 0.186155
0.823652 0.212021
0.761146 0.189965
0.929010 0.185624
0.975734 0.192553
0.672021 0.199284
0.942815 0.190916
0.056256 0.287520
0.023425 0.430927
0.667648 0.189369
0.740892 0.194992
0.852772 0.181579
0.426818 0.157716
0.797607 0.201939
0.720263 0.182611
0.701544 0.189298
0.392105 0.183101
0.248442 0.170801
0.033699 0.197209
0.447767 0.202519
0.300788 0.182909
0.698856 0.179463
0.882295 0.215321
0.771665 0.197283
0.020605 0.083225
0.642996 0.215649
0.030826 0.351187
0.986992 0.185346
0.978773 0.194009
0.637813 0.188375
0.410074 0.217084
0.922268 0.204543
0.622767 0.191809
0.316105 0.171445
0.474175 0.234003
0.794499 0.189159
0.859747 0.211909
0.202221 0.195224
0.639862 0.194418
0.892558 0.192104
0.039882 0.146866
0.247547 0.189403
0.786753 0.231322
0.609508 0.203854
0.431619 0.198367
0.059343 0.189074
0.140338 0.146376
0.441091 0.199222
0.553488 0.192077
0.493822 0.164435
0.564769 0.197663
0.873490 0.199066
0.324611 0.221548
0.551476 0.225559
0.634676 0.187758
0.621800 0.197156
0.766526 0.191582
0.544312 0.210432
0.304744 0.214972
0.452843 0.264763
0.761163 0.201930
0.315927 0.187360
0.916046 0.177940
0.529180 0.245548
0.095802 0.185477
0.541838 0.206239
0.834493 0.207457
0.126943 0.133148
0.550286 0.202523
0.071681 0.220245
0.385095 0.215736
0.930294 0.193794
0.952903 0.197365
0.620698 0.162917
0.782608 0.229411
0.516032 0.222766
0.393129 0.226801
0.543643 0.232044
0.000800 0.020408
0.818110 0.170403
0.290270 0.192784
0.939744 0.187969
0.873639 0.203108
0.393029 0.261164
0.839234 0.187811
0.185081 0.179133
0.627097 0.186533
0.268936 0.169211
0.766834 0.204990
0.545285 0.160223
0.950546 0.197617
0.777373 0.185062
0.936336 0.192519
0.805620 0.198741
0.847032 0.208646
0.841545 0.199955
0.893566 0.214037
0.931220 0.194026
0.574260 0.215302
0.667408 0.181652
0.692547 0.175159
0.493933 0.184289
0.636945 0.178131
0.034779 0.133420
0.734844 0.193031
0.000800 -0.000202
0.685811 0.174938
0.820834 0.184184
0.481652 0.172829
0.890267 0.185339
0.324970 0.213717
0.499993 0.206666
0.521076 0.185250
0.822655 0.193919
0.906417 0.198486
0.003598 0.094791
0.776586 0.200793
0.906605 0.188162
0.897730 0.191475
0.976418 0.180954
0.742973 0.184171
0.802301 0.199710
0.753435 0.195998
0.925602 0.179672
0.127360 0.168806
0.043153 0.266784
0.767300 0.214389
0.923019 0.188590
0.050324 0.275554
0.005592 0.033619
0.415320 0.203761
0.071448 0.223635
0.007185 0.052444
0.990667 0.183374
0.005596 0.136428
0.913799 0.204603
0.009963 0.110981
0.665173 0.173553
0.878320 0.196713
0.209020 0.215542
0.550958 0.213852
0.656053 0.255498
0.397919 0.206074
0.846250 0.195857
0.082048 0.117883
0.864603 0.186726
0.817879 0.184002
0.676678 0.220550
0.352892 0.246459
0.391183 0.203338
0.950500 0.200197
0.300504 0.179068
0.677668 0.229012
0.584712 0.182015
0.316619 0.178849
0.385994 0.171182
0.095084 0.168854
0.758380 0.195988
0.012352 0.219504
0.373551 0.158566
0.000400 0.000000
0.300110 0.181416
0.994868 0.163757
0.760623 0.193207
0.660141 0.208592
0.739012 0.197052
0.688180 0.185252
0.769724 0.205811
0.924213 0.197641
0.150397 0.168675
0.908480 0.202670
0.017481 0.190268
0.846846 0.202602
0.795783 0.212461
0.297282 0.208174
0.500093 0.214432
0.775666 0.210232
0.594971 0.186529
0.512166 0.213839
0.264640 0.200300
0.668707 0.205570
0.119716 0.205398
0.570826 0.195508
0.282923 0.164352
0.832728 0.194896
0.200374 0.224103
0.722838 0.203265
0.660494 0.195123
0.880551 0.196181
0.830517 0.193382
0.729505 0.214127
0.539295 0.190053
0.846599 0.202977
0.760226 0.185044
0.922659 0.179912
0.391406 0.154655
0.070282 0.170450
0.758986 0.214882
0.162489 0.203011
0.020253 0.286976
0.000400 0.000000
0.867150 0.199677
0.404440 0.192131
0.851347 0.199530
0.828364 0.172985
0.519471 0.202548
0.613282 0.215768
0.611864 0.215499
0.003597 0.071729
0.888282 0.207036
0.806553 0.226327
0.882749 0.190719
0.329392 0.172130
0.717868 0.208017
0.509633 0.171986
0.663997 0.193898
0.016285 0.100198
0.811271 0.181944
0.723561 0.198398
0.962786 0.186239
0.385237 0.189387
0.873752 0.222084
0.708193 0.193221
0.226532 0.185049
0.501989 0.180939
0.938749 0.207517
0.110633 0.235939
0.603729 0.196788
0.399980 0.189653
0.812729 0.202395
0.741816 0.221217
0.433437 0.189072
0.788753 0.199977
0.449577 0.205911
0.597215 0.172567
0.810981 0.183413
0.003997 0.113677
0.582273 0.183425
0.018259 0.135324
0.964661 0.186340
0.066891 0.109484
0.802625 0.181421
0.822746 0.196221
0.721061 0.190637
0.780973 0.195488
0.355482 0.210087
0.047684 0.139920
0.297851 0.217826
0.662472 0.197736
0.942938 0.190234
0.094738 0.166941
0.000400 0.000000
0.748423 0.228124
0.528169 0.196145
0.834774 0.188860
0.905019 0.174211
0.941493 0.207234
0.653098 0.163172
0.182232 0.158508
0.729470 0.198793
0.684571 0.209337
0.946258 0.182205
0.990958 0.183705
0.356883 0.183749
0.078165 0.175679
0.000400 0.000000
0.794762 0.206837
0.001599 0.009854
0.216989 0.204099
0.857553 0.199926
0.492447 0.208899
0.338563 0.172639
0.105871 0.192391
0.725118 0.199185
0.074020 0.212789
0.498925 0.172359
0.956160 0.185253
0.833689 0.199271
0.489285 0.265917
0.572034 0.214889
0.850118 0.185852
0.152552 0.200164
0.065852 0.233905
0.001999 0.048672
0.000400 0.000000
0.052304 0.243981
0.227875 0.199991
0.884870 0.185297
0.805989 0.178386
0.363360 0.143191
0.965692 0.195569
0.689620 0.189273
0.688483 0.187792
0.867694 0.190008
0.183939 0.217353
0.194883 0.247524
0.934440 0.194017
0.516424 0.168615
0.955603 0.202956
0.576131 0.201528
0.472118 0.186662
0.493643 0.208698
0.499286 0.178812
0.456954 0.200866
0.662260 0.217251
0.672552 0.188300
0.262863 0.201694
0.631432 0.198867
0.501025 0.209181
0.524798 0.166327
0.960863 0.179208
0.005994 0.083428
0.720228 0.191990
0.728713 0.211212
0.908173 0.171065
0.467904 0.191061
0.373829 0.198018
0.953357 0.178191
0.001200 0.040816
0.634620 0.189938
0.977127 0.176946
0.002399 0.040235
0.000400 0.000000
0.000400 0.000000
0.289512 0.181932
0.628366 0.194867
0.112345 0.239949
0.454656 0.223688
0.767934 0.195148
0.005989 0.099030
0.160065 0.200069
0.855509 0.170476
0.664566 0.221982
0.606708 0.179257
0.626688 0.186680
0.848358 0.186934
0.197564 0.246910
0.585957 0.185717
0.884998 0.182611
0.665221 0.201235
0.884783 0.199186
0.270391 0.259183
0.949802 0.185927
0.190941 0.166065
0.184285 0.206641
0.526077 0.194407
0.502643 0.187950
0.641003 0.175998
0.902364 0.193828
0.780904 0.189616
0.535512 0.188997
0.338141 0.185099
0.937323 0.195651
0.973469 0.201920
0.945599 0.210348
0.966675 0.199275
0.234162 0.216173
0.639830 0.184120
0.585926 0.216520
0.818553 0.170134
0.638201 0.188344
0.563338 0.181149
0.007983 0.169650
0.717753 0.219468
0.001200 0.040816
0.841161 0.199939
0.977784 0.192735
0.026475 0.111682
0.356024 0.185058
0.556591 0.215223
0.508919 0.161793
0.651174 0.196678
0.857504 0.189075
0.941250 0.228234
0.938994 0.190893
0.615044 0.200429
0.878281 0.184762
0.485105 0.208874
0.751067 0.176692
0.592221 0.206529
0.510331 0.225377
0.619536 0.181336
0.915986 0.182432
0.762868 0.177700
0.841914 0.196195
0.333544 0.175950
0.635592 0.202582
0.800093 0.192982
0.484958 0.204846
0.806727 0.189934
0.097101 0.129544
0.833957 0.202425
0.744830 0.213178
0.007585 0.172423
0.759403 0.197103
0.814457 0.197603
0.737164 0.185948
0.788389 0.182720
0.634441 0.182466
0.000400 0.000000
0.781640 0.184999
0.915022 0.185085
0.003200 0.142857
0.390073 0.214275
0.834913 0.191939
0.834206 0.206705
0.622148 0.199639
0.698282 0.194443
0.109032 0.215807
0.072826 0.182845
0.883918 0.191393
0.495348 0.178561
0.707582 0.186260
0.720475 0.211087
0.602330 0.211525
0.821481 0.205686
0.164909 0.166936
0.835360 0.187230
0.718300 0.198174
0.086838 0.168145
0.546949 0.177448
0.735992 0.208665
0.832446 0.199203
0.005597 0.191988
0.935160 0.189775
0.806707 0.215900
0.329175 0.184702
0.432346 0.225092
0.511331 0.160383
0.359208 0.170035
0.471058 0.227722
0.967376 0.198387
0.557347 0.190509
0.619258 0.211525
0.855518 0.182126
0.799095 0.206357
0.904101 0.218608
0.275175 0.222344
0.943097 0.175439
0.678610 0.203762
0.854474 0.188473
0.048987 0.134631
0.788294 0.197429
0.004800 0.224490
0.463016 0.197172
0.300112 0.178022
0.268867 0.202822
0.414936 0.186872
0.856178 0.200929
0.001200 0.040816
0.895618 0.190735
0.002800 0.122449
0.202333 0.190666
0.757656 0.209085
0.725720 0.223572
0.243823 0.237519
0.608593 0.215883
0.487613 0.244030
0.922151 0.214074
0.765618 0.212801
0.012747 0.095716
0.408830 0.189564
0.600755 0.196454
0.042360 0.204102
0.000800 0.020408
0.708038 0.195523
0.036932 0.087126
0.977236 0.176854
0.306477 0.192322
0.775144 0.182182
0.540090 0.215293
0.757382 0.215062
0.652495 0.209540
0.040258 0.279334
0.634089 0.192878
0.481964 0.206190
0.301273 0.227577
0.266598 0.189424
0.000800 0.020408
0.736538 0.185256
0.854358 0.218738
0.803496 0.203857
0.925856 0.188978
0.860348 0.200912
0.429662 0.291365
0.999687 0.069276
0.795210 0.165145
0.963124 0.209536
0.500441 0.226119
0.792153 0.185356
0.159610 0.178252
0.848996 0.196651
0.613957 0.203215
0.534183 0.204141
0.812969 0.205151
0.763908 0.231525
0.935489 0.190296
0.660360 0.187370
0.203661 0.140026
0.651041 0.205630
0.113513 0.147448
0.826281 0.181936
0.866897 0.207928
0.846793 0.208558
0.862031 0.205559
0.873316 0.191699
0.854668 0.178543
0.034287 0.254549
0.286876 0.240544
0.444445 0.208369
0.000800 0.020408
0.000400 0.000000
0.458290 0.201059
0.936236 0.192093
0.573958 0.210978
0.259708 0.173987
0.749816 0.221480
0.210170 0.200102
0.934649 0.217045
0.562210 0.191166
0.011959 0.246422
0.940463 0.194118
0.344971 0.159966
0.893770 0.201210
0.933613 0.201338
0.042434 0.381319
0.778999 0.196615
0.613755 0.179385
0.474568 0.168498
0.937210 0.193769
0.670820 0.193700
0.820306 0.196527
0.063593 0.256369
0.190587 0.211930
0.748757 0.189852
0.746456 0.183308
0.913651 0.210014
0.720998 0.216947
0.709749 0.195151
0.318451 0.227460
0.095449 0.280222
0.946464 0.210768
0.538106 0.185882
0.120667 0.226137
0.816195 0.220474
0.855132 0.200047
0.399258 0.219818
0.639597 0.176280
0.685107 0.222085
0.523954 0.178164
0.409497 0.218455
0.845377 0.189880
0.448410 0.183164
0.461561 0.204599
0.894568 0.221040
0.248257 0.187743
0.924475 0.197806
0.355665 0.209966
0.002400 0.102041
0.690429 0.184819
0.833565 0.186127
0.564794 0.210289
0.043118 0.182113
0.118274 0.178111
0.212511 0.171461
0.000400 0.000000
0.885232 0.196585
0.672775 0.195291
0.927968 0.200799
0.697475 0.205320
0.601113 0.194257
0.002400 0.102041
0.082105 0.189291
0.911977 0.209477
0.004792 0.059705
0.563720 0.214025
0.005592 0.121206
0.066240 0.193407
0.675767 0.193732
0.658475 0.201841
0.000800 -0.000101
0.512088 0.181312
0.754597 0.204895
0.944706 0.175271
0.696350 0.216110
0.121896 0.169113
0.536545 0.236947
0.538806 0.214802
0.567391 0.211672
0.424840 0.206923
0.120160 0.202763
0.338916 0.253780
0.619511 0.198156
0.458200 0.239027
0.755995 0.215879
0.126273 0.259975
0.463616 0.200605
0.951131 0.193004
0.007983 0.171712
0.069767 0.268231
0.379424 0.197215
0.823852 0.193505
0.906573 0.203990
0.796301 0.179892
0.771154 0.199832
0.485803 0.177209
0.739862 0.188575
0.395781 0.237426
0.899460 0.202396
0.926545 0.184691
0.640952 0.189560
0.101726 0.216222
0.691159 0.199098
0.676635 0.202090
0.207322 0.164741
0.905249 0.203890
0.833082 0.202087
0.554086 0.223210
0.005996 0.157256
0.384695 0.231345
0.620630 0.233867
0.799803 0.211132
0.957153 0.191889
0.853613 0.184795
0.375464 0.202424
0.676815 0.191930
0.838178 0.186135
0.674163 0.178506
0.851457 0.212212
0.907055 0.188619
0.530161 0.245666
0.813714 0.190239
0.361091 0.197670
0.001600 0.061224
0.963506 0.187398
0.415820 0.182967
0.951221 0.193234
0.684006 0.179778
0.562970 0.222215
0.845163 0.189897
0.477381 0.197407
0.497750 0.193300
0.715078 0.215521
0.257765 0.184670
0.861571 0.180964
0.990808 0.163264
0.834216 0.212557
0.230428 0.239606
0.219476 0.188235
0.723280 0.215016
0.495561 0.208302
0.717793 0.187851
0.953992 0.177009
0.870145 0.202113
0.145575 0.252114
0.360682 0.180035
0.947469 0.193900
0.536409 0.221474
0.650322 0.225678
0.411825 0.228324
0.937187 0.188053
0.209101 0.156623
0.687236 0.190416
0.054324 0.123782
0.493379 0.200350
0.425843 0.188471
0.354589 0.227045
0.539739 0.201125
0.663437 0.196060
0.434108 0.200763
0.000400 0.000000
0.618401 0.220346
0.072593 0.290204
0.045477 0.323268
0.478355 0.206856
0.459592 0.194761
0.982035 0.178599
0.993440 0.150953
0.011167 0.214901
0.655514 0.206281
0.951375 0.187762
0.622191 0.185498
0.872669 0.195871
0.011169 0.108323
0.631949 0.213654
0.243234 0.231344
0.006387 0.038935
0.762860 0.184273
0.499846 0.224153
0.681203 0.191035
0.073614 0.162643
0.903693 0.180388
0.002000 0.032418
0.684275 0.214280
0.859774 0.205772
0.495152 0.204878
0.052624 0.158139
0.841101 0.183733
0.855084 0.199143
0.318686 0.179720
