Rep 0
0	4.56541e+064	4.60729e+064	4.56541e+064	4.56541e+064	4.60729e+064	4.64565e+064	4.52836e+064	4.52428e+064	4.52428e+064	4.52021e+064
1	4.19195e+064	4.52021e+064	4.56956e+064	4.60729e+064	4.18147e+064	4.18496e+064	4.08621e+064	4.64565e+064	4.52836e+064	4.48388e+064
2	4.22013e+064	4.48789e+064	4.16069e+064	4.52021e+064	4.52428e+064	4.21305e+064	3.75895e+064	4.25229e+064	4.60729e+064	4.45208e+064
3	4.51614e+064	4.52021e+064	4.16414e+064	4.07957e+064	4.12311e+064	4.28129e+064	3.5045e+064	3.91728e+064	4.14695e+064	4.61576e+064
4	4.47988e+064	4.06965e+064	4.39366e+064	4.11635e+064	4.09955e+064	3.90206e+064	3.55662e+064	3.9357e+064	4.19195e+064	4.56541e+064
5	4.47191e+064	4.01114e+064	4.34425e+064	4.1265e+064	4.15037e+064	3.62858e+064	3.60772e+064	3.98884e+064	4.56956e+064	4.41296e+064
6	3.97936e+064	3.6899e+064	4.00475e+064	4.52836e+064	3.76176e+064	3.73379e+064	4.0565e+064	3.60772e+064	4.48388e+064	3.97306e+064
7	3.98251e+064	3.41862e+064	4.01114e+064	4.52021e+064	4.45999e+064	3.41397e+064	4.49996e+064	3.34128e+064	4.53245e+064	4.01435e+064
8	4.43635e+064	3.17845e+064	3.58199e+064	4.40522e+064	3.91118e+064	3.12699e+064	4.31069e+064	3.73935e+064	4.49996e+064	4.08289e+064
9	3.94188e+064	3.57944e+064	3.61291e+064	4.01435e+064	3.91423e+064	3.19666e+064	4.34049e+064	3.44677e+064	4.38982e+064	4.11298e+064
10	4.26312e+064	3.27376e+064	3.57689e+064	4.08621e+064	3.5341e+064	3.28018e+064	4.02078e+064	3.85414e+064	4.4442e+064	3.77307e+064
11	4.20599e+064	3.59739e+064	3.29741e+064	4.49593e+064	3.19259e+064	3.38179e+064	3.68719e+064	4.20247e+064	4.35178e+064	3.88095e+064
12	4.50399e+064	3.57434e+064	3.73379e+064	4.40909e+064	2.94197e+064	3.65499e+064	3.40471e+064	3.72548e+064	4.2595e+064	3.50695e+064
13	4.0467e+064	3.91728e+064	3.73379e+064	4.3181e+064	3.66834e+064	4.08289e+064	3.14068e+064	3.75613e+064	3.91423e+064	3.6312e+064
14	4.01756e+064	3.53659e+064	3.33906e+064	4.39751e+064	3.36366e+064	4.06965e+064	3.16045e+064	3.78444e+064	3.56673e+064	3.98251e+064
15	4.04996e+064	4.20599e+064	3.10957e+064	3.90813e+064	3.41629e+064	4.45208e+064	3.4658e+064	3.48989e+064	3.96053e+064	3.98251e+064
16	3.6312e+064	3.77023e+064	3.13676e+064	3.90509e+064	3.48989e+064	4.4442e+064	3.1845e+064	4.35555e+064	4.39366e+064	3.62596e+064
17	4.06307e+064	3.3727e+064	2.88121e+064	4.1265e+064	3.47781e+064	3.96053e+064	3.58455e+064	3.88395e+064	3.95741e+064	3.64967e+064
18	3.95741e+064	3.42328e+064	3.29092e+064	3.7674e+064	3.19869e+064	3.89903e+064	4.2595e+064	4.18496e+064	3.62334e+064	3.35692e+064
19	4.02078e+064	3.54658e+064	3.29741e+064	3.41397e+064	3.30174e+064	3.65499e+064	4.46793e+064	4.37834e+064	3.69261e+064	3.3502e+064
20	4.05323e+064	3.23579e+064	2.99282e+064	3.47059e+064	3.93262e+064	3.30827e+064	4.36312e+064	4.24151e+064	3.328e+064	3.37951e+064
21	3.62073e+064	3.56673e+064	3.68719e+064	3.48022e+064	3.57944e+064	3.07529e+064	4.2886e+064	3.79301e+064	3.69261e+064	3.43499e+064
22	3.95118e+064	3.98884e+064	3.71172e+064	3.18046e+064	3.62596e+064	2.8895e+064	4.42463e+064	3.50206e+064	4.47988e+064	3.3727e+064
23	3.86304e+064	3.58967e+064	4.04996e+064	2.9079e+064	3.2254e+064	3.63646e+064	3.94497e+064	3.54157e+064	4.37452e+064	3.45151e+064
24	3.52665e+064	3.57434e+064	3.70897e+064	2.97157e+064	2.90959e+064	3.88997e+064	4.3181e+064	3.22333e+064	4.23436e+064	3.87795e+064
25	3.23997e+064	3.99519e+064	3.79588e+064	3.35244e+064	2.98393e+064	3.83063e+064	4.54064e+064	2.96806e+064	4.49996e+064	4.16759e+064
26	3.21097e+064	3.6737e+064	3.53161e+064	3.73102e+064	2.73676e+064	3.95741e+064	4.42073e+064	3.38406e+064	3.94807e+064	3.61812e+064
27	3.19259e+064	3.7674e+064	3.2192e+064	3.49232e+064	3.05657e+064	3.54407e+064	4.46396e+064	3.40241e+064	3.53908e+064	3.96679e+064
28	2.92996e+064	3.4754e+064	3.56673e+064	3.20891e+064	2.76844e+064	3.93878e+064	4.40522e+064	3.48022e+064	3.84824e+064	3.95429e+064
29	3.30609e+064	3.71446e+064	3.29308e+064	3.01257e+064	2.85338e+064	3.46103e+064	4.42463e+064	3.15053e+064	4.1029e+064	3.88395e+064
30	3.29092e+064	3.68719e+064	3.03441e+064	3.34128e+064	3.26313e+064	3.86899e+064	4.274e+064	2.90286e+064	4.04996e+064	3.51185e+064
31	3.56167e+064	3.66834e+064	2.83406e+064	3.08663e+064	3.52418e+064	3.48989e+064	4.18147e+064	2.92144e+064	3.99201e+064	3.56926e+064
32	3.64702e+064	3.328e+064	2.91974e+064	3.21508e+064	3.45151e+064	3.6312e+064	4.38598e+064	2.68697e+064	3.97306e+064	3.58199e+064
33	3.3502e+064	4.12989e+064	2.94715e+064	3.22955e+064	3.82188e+064	3.23371e+064	4.34049e+064	2.4812e+064	3.98884e+064	3.32359e+064
34	3.54407e+064	4.46396e+064	2.99818e+064	2.9857e+064	3.42795e+064	3.25256e+064	3.95118e+064	2.52359e+064	3.90813e+064	3.37724e+064
35	4.30699e+064	4.00794e+064	2.80399e+064	3.31045e+064	3.62073e+064	3.28662e+064	3.96053e+064	2.58464e+064	3.84824e+064	3.40241e+064
36	4.27037e+064	3.57689e+064	2.63205e+064	3.35692e+064	4.04344e+064	3.64173e+064	4.02723e+064	2.46416e+064	4.24151e+064	3.09043e+064
37	4.46793e+064	3.74493e+064	2.45572e+064	3.328e+064	3.96053e+064	3.473e+064	3.60513e+064	2.55051e+064	3.63909e+064	3.48022e+064
38	4.03694e+064	4.10962e+064	2.48858e+064	3.67102e+064	3.96679e+064	3.473e+064	3.15053e+064	2.82608e+064	3.328e+064	3.88696e+064
39	3.99837e+064	4.09621e+064	2.85663e+064	3.74214e+064	3.81317e+064	3.25045e+064	2.87297e+064	2.90454e+064	3.06217e+064	3.87197e+064
40	3.53659e+064	4.44814e+064	2.68554e+064	3.72825e+064	3.65765e+064	3.61552e+064	2.65011e+064	2.64731e+064	3.43264e+064	3.88997e+064
41	3.22333e+064	4.39751e+064	2.94715e+064	3.6312e+064	3.96053e+064	4.00155e+064	2.71164e+064	2.46537e+064	3.5045e+064	4.2886e+064
42	3.61552e+064	3.98884e+064	3.00356e+064	3.55662e+064	3.90813e+064	3.95118e+064	2.54019e+064	2.24796e+064	3.42095e+064	3.93262e+064
43	3.26313e+064	3.9234e+064	3.31482e+064	3.59224e+064	3.55411e+064	3.98884e+064	3.20073e+064	2.31747e+064	3.52418e+064	3.67639e+064
44	2.99282e+064	4.39751e+064	3.04176e+064	3.5217e+064	3.23163e+064	3.52665e+064	3.55159e+064	2.42138e+064	3.5094e+064	4.02078e+064
45	3.01438e+064	3.95429e+064	3.3955e+064	3.36818e+064	3.24835e+064	3.92034e+064	3.62073e+064	2.48488e+064	3.19869e+064	3.63383e+064
46	2.75477e+064	4.37452e+064	3.91728e+064	3.08284e+064	3.50206e+064	3.57434e+064	3.28877e+064	2.86641e+064	3.16244e+064	3.93262e+064
47	2.54276e+064	4.26674e+064	3.47781e+064	3.17042e+064	3.5045e+064	3.58199e+064	3.67908e+064	3.92954e+064	2.90622e+064	3.9357e+064
48	2.41324e+064	4.28494e+064	3.14068e+064	2.95235e+064	3.2192e+064	4.01756e+064	3.37044e+064	3.6312e+064	3.2254e+064	4.22013e+064
49	2.2827e+064	4.51614e+064	2.76083e+064	2.72784e+064	3.28232e+064	4.14695e+064	3.13285e+064	3.21097e+064	4.2595e+064	4.24869e+064
50	2.64313e+064	4.49191e+064	2.75628e+064	2.71898e+064	2.92996e+064	3.66298e+064	3.11149e+064	3.20073e+064	4.29962e+064	4.34425e+064
51	2.69418e+064	3.86304e+064	2.82449e+064	2.80086e+064	3.59739e+064	3.37724e+064	3.37724e+064	3.14068e+064	4.14695e+064	3.79588e+064
52	3.04361e+064	3.81028e+064	2.63897e+064	2.87791e+064	3.96992e+064	3.71996e+064	3.03992e+064	3.54407e+064	4.00155e+064	3.4658e+064
53	3.0271e+064	3.77307e+064	2.44854e+064	2.89283e+064	3.94188e+064	3.72548e+064	3.64173e+064	3.25678e+064	3.92647e+064	3.48989e+064
54	3.73379e+064	3.45864e+064	2.30576e+064	2.92484e+064	3.6312e+064	4.2886e+064	3.36141e+064	3.2759e+064	4.23436e+064	3.19259e+064
55	3.74493e+064	3.81897e+064	2.18156e+064	2.82768e+064	4.0565e+064	4.16069e+064	3.40241e+064	3.16443e+064	3.85119e+064	2.94888e+064
56	3.47059e+064	4.33675e+064	2.46779e+064	2.6156e+064	3.70624e+064	3.79875e+064	3.08284e+064	3.2759e+064	4.11973e+064	3.34574e+064
57	3.4658e+064	4.43635e+064	2.25503e+064	2.69997e+064	3.25889e+064	3.73657e+064	3.85711e+064	3.05844e+064	4.56126e+064	3.11729e+064
58	3.17243e+064	4.47988e+064	2.14705e+064	2.73676e+064	3.19869e+064	4.02723e+064	3.58455e+064	2.88287e+064	4.38598e+064	3.59996e+064
59	3.02892e+064	4.34049e+064	2.26112e+064	2.80399e+064	3.23371e+064	3.5217e+064	3.57944e+064	2.66841e+064	3.7674e+064	3.52418e+064
60	2.81184e+064	4.29962e+064	2.10829e+064	2.97333e+064	3.01076e+064	4.35178e+064	4.34049e+064	2.9663e+064	3.74214e+064	3.35468e+064
61	2.64035e+064	4.04344e+064	2.41556e+064	2.97685e+064	3.06965e+064	3.79015e+064	3.88997e+064	2.64313e+064	3.75613e+064	3.7759e+064
62	3.05286e+064	3.5718e+064	2.50471e+064	2.81974e+064	2.73527e+064	3.34128e+064	4.36691e+064	2.4144e+064	3.3502e+064	3.73935e+064
63	3.09806e+064	3.58711e+064	3.4001e+064	3.04176e+064	2.51349e+064	3.30827e+064	3.72272e+064	2.48981e+064	2.95409e+064	3.64173e+064
64	3.46103e+064	3.29524e+064	3.08474e+064	3.06403e+064	2.57404e+064	3.33906e+064	3.3214e+064	2.5544e+064	3.65233e+064	3.9234e+064
65	3.14462e+064	3.30609e+064	3.45864e+064	3.72548e+064	2.40515e+064	3.51924e+064	2.94025e+064	2.62654e+064	3.66031e+064	3.46341e+064
66	2.89617e+064	3.3192e+064	3.06217e+064	3.74214e+064	2.76692e+064	3.83355e+064	3.18652e+064	2.71164e+064	3.87197e+064	3.41862e+064
67	2.65571e+064	3.03625e+064	3.0603e+064	3.33463e+064	2.59935e+064	4.01435e+064	3.57944e+064	2.76692e+064	3.47059e+064	3.04361e+064
68	2.76844e+064	3.38179e+064	3.18248e+064	3.47059e+064	2.37669e+064	4.3181e+064	3.23788e+064	2.80713e+064	3.31701e+064	2.80713e+064
69	3.11149e+064	3.35244e+064	2.9079e+064	3.40471e+064	2.46658e+064	3.83941e+064	3.49962e+064	2.84369e+064	3.03625e+064	2.62929e+064
70	3.45151e+064	3.98884e+064	3.57434e+064	3.28018e+064	2.5583e+064	3.85414e+064	3.20687e+064	2.6238e+064	3.35468e+064	2.47753e+064
71	4.21305e+064	3.75895e+064	3.22333e+064	3.28877e+064	2.4144e+064	4.274e+064	3.21508e+064	2.36661e+064	3.33906e+064	2.59935e+064
72	4.49593e+064	3.40241e+064	3.00896e+064	3.25889e+064	2.47875e+064	4.19896e+064	3.42095e+064	2.21426e+064	3.03625e+064	2.44854e+064
73	4.4442e+064	3.17243e+064	3.30827e+064	3.9357e+064	2.56222e+064	4.09621e+064	3.4754e+064	2.33362e+064	3.07529e+064	2.30259e+064
74	3.78729e+064	2.9857e+064	4.12311e+064	3.36818e+064	2.56615e+064	3.72825e+064	3.80451e+064	2.67695e+064	2.75931e+064	2.35662e+064
75	3.78729e+064	2.76539e+064	4.02078e+064	3.78729e+064	2.404e+064	3.28447e+064	4.01435e+064	3.37497e+064	2.85014e+064	2.19972e+064
76	4.14352e+064	2.855e+064	3.99519e+064	3.66566e+064	2.25604e+064	4.0467e+064	3.3955e+064	2.93681e+064	2.80399e+064	2.44973e+064
77	3.61032e+064	2.6156e+064	3.82771e+064	3.63909e+064	2.79774e+064	3.62334e+064	3.41629e+064	2.90118e+064	3.3955e+064	2.25301e+064
78	3.28447e+064	2.57536e+064	3.42328e+064	3.48263e+064	2.84047e+064	3.48022e+064	3.11922e+064	3.56167e+064	3.33242e+064	2.5557e+064
79	3.19259e+064	3.14265e+064	3.11729e+064	3.13676e+064	2.6061e+064	3.44914e+064	2.83726e+064	3.1348e+064	3.01257e+064	3.11729e+064
80	3.21714e+064	3.17243e+064	2.88618e+064	3.10957e+064	2.65151e+064	3.34797e+064	3.13089e+064	3.80739e+064	2.75477e+064	2.88287e+064
81	2.95062e+064	2.95235e+064	3.48989e+064	2.81342e+064	3.05844e+064	3.34128e+064	2.85825e+064	4.27764e+064	2.53762e+064	3.12116e+064
82	3.28447e+064	3.25678e+064	3.15251e+064	2.5583e+064	3.10764e+064	3.3192e+064	2.61833e+064	3.76458e+064	3.14856e+064	3.15053e+064
83	2.91128e+064	3.5642e+064	2.90959e+064	2.62929e+064	3.34574e+064	3.36818e+064	2.46416e+064	4.19545e+064	4.16069e+064	3.17042e+064
84	2.70143e+064	3.28447e+064	2.6741e+064	2.73229e+064	2.98216e+064	4.20247e+064	2.32713e+064	4.23793e+064	4.16759e+064	2.86805e+064
85	3.08663e+064	3.23579e+064	2.52868e+064	2.75477e+064	2.92996e+064	3.71996e+064	2.21818e+064	4.34049e+064	4.40909e+064	3.25256e+064
86	2.88287e+064	3.84235e+064	2.65431e+064	2.5714e+064	2.58863e+064	3.33463e+064	2.25503e+064	4.49593e+064	4.01756e+064	3.05471e+064
87	3.26737e+064	4.15037e+064	2.76692e+064	2.40515e+064	2.46053e+064	3.52418e+064	2.13882e+064	4.06965e+064	4.53245e+064	2.70725e+064
88	2.9079e+064	4.2886e+064	2.51349e+064	2.19587e+064	2.79619e+064	3.45151e+064	2.91804e+064	3.43499e+064	4.00475e+064	2.43784e+064
89	2.88618e+064	3.71996e+064	2.7993e+064	2.67837e+064	2.88287e+064	3.08663e+064	2.98926e+064	3.80451e+064	3.83941e+064	2.49228e+064
90	2.90622e+064	3.62073e+064	3.16643e+064	2.48488e+064	2.62929e+064	3.4001e+064	2.94888e+064	3.61552e+064	3.3978e+064	2.56091e+064
91	2.95757e+064	3.16045e+064	3.47781e+064	2.52359e+064	2.97862e+064	3.29092e+064	2.89951e+064	3.60255e+064	3.03075e+064	2.59131e+064
92	2.73378e+064	3.39092e+064	3.20073e+064	2.82608e+064	2.69563e+064	2.93338e+064	3.00356e+064	4.31069e+064	3.0271e+064	2.69852e+064
93	2.54921e+064	3.7035e+064	3.17845e+064	2.8453e+064	3.11149e+064	2.64592e+064	2.98748e+064	4.42463e+064	3.02163e+064	2.73527e+064
94	2.40055e+064	4.03694e+064	2.8895e+064	3.06217e+064	3.41165e+064	2.49724e+064	2.92996e+064	4.22723e+064	3.11149e+064	2.49973e+064
95	2.52359e+064	3.47781e+064	2.87791e+064	3.06778e+064	3.07153e+064	2.56877e+064	2.65993e+064	4.38982e+064	3.41629e+064	3.11149e+064
96	2.29838e+064	3.50695e+064	2.92314e+064	3.31482e+064	2.77303e+064	2.8945e+064	2.76083e+064	4.01435e+064	4.2886e+064	2.88784e+064
97	2.1572e+064	3.58455e+064	2.82291e+064	3.19259e+064	2.53123e+064	2.73527e+064	2.59398e+064	4.22723e+064	4.14695e+064	2.8945e+064
98	3.0473e+064	3.29957e+064	2.54019e+064	3.17845e+064	2.55051e+064	2.71604e+064	2.45813e+064	4.17106e+064	3.96365e+064	2.61833e+064
99	3.05844e+064	2.97862e+064	2.38799e+064	3.25678e+064	2.85176e+064	2.56615e+064	3.0271e+064	4.50803e+064	4.05978e+064	2.42724e+064
100	3.01257e+064	3.30174e+064	2.68697e+064	3.21097e+064	2.89116e+064	2.3655e+064	3.08095e+064	3.90206e+064	3.60513e+064	2.2734e+064
101	3.09233e+064	3.94807e+064	2.41324e+064	3.59996e+064	2.94888e+064	2.46658e+064	2.82768e+064	3.58967e+064	4.11635e+064	2.14613e+064
102	3.86601e+064	4.1367e+064	2.28063e+064	3.19463e+064	2.68841e+064	3.05471e+064	3.20073e+064	3.22955e+064	3.75613e+064	2.05061e+064
103	4.15037e+064	4.40136e+064	2.15627e+064	3.28447e+064	2.52486e+064	2.79152e+064	4.15037e+064	3.14265e+064	3.31263e+064	1.92338e+064
104	4.04996e+064	3.85711e+064	2.04727e+064	2.99997e+064	3.51924e+064	2.94888e+064	4.09955e+064	2.8453e+064	3.71721e+064	1.84495e+064
105	4.09955e+064	3.34797e+064	2.43548e+064	3.03075e+064	3.26737e+064	2.73229e+064	4.2451e+064	2.66275e+064	3.2254e+064	1.95255e+064
106	4.14352e+064	4.22723e+064	2.48488e+064	2.7807e+064	2.9437e+064	3.32359e+064	3.76458e+064	3.01619e+064	2.76844e+064	2.06156e+064
107	3.95118e+064	3.70897e+064	2.32929e+064	2.86478e+064	2.86805e+064	3.73379e+064	3.1845e+064	3.11342e+064	2.54792e+064	2.10388e+064
108	3.96053e+064	3.94807e+064	2.81027e+064	2.65011e+064	2.58331e+064	3.25678e+064	3.48989e+064	3.08853e+064	2.61969e+064	2.91635e+064
109	3.473e+064	3.50695e+064	3.05657e+064	2.46295e+064	2.6238e+064	3.18046e+064	3.48022e+064	2.85988e+064	2.68554e+064	2.63067e+064
110	3.86007e+064	3.24206e+064	3.29957e+064	2.26827e+064	2.48735e+064	2.89784e+064	4.40909e+064	2.9437e+064	2.76997e+064	2.64313e+064
111	3.91118e+064	3.88095e+064	3.04176e+064	2.10388e+064	2.31961e+064	2.91128e+064	4.12989e+064	2.73229e+064	3.68448e+064	2.72045e+064
112	3.58711e+064	3.90206e+064	3.1231e+064	2.17495e+064	2.19683e+064	2.89283e+064	3.92647e+064	2.81657e+064	3.92954e+064	2.76235e+064
113	3.28877e+064	3.61552e+064	2.99639e+064	2.25099e+064	2.24294e+064	3.08095e+064	3.39321e+064	2.6156e+064	3.81028e+064	2.82927e+064
114	3.66834e+064	3.66834e+064	3.03075e+064	2.08553e+064	2.50222e+064	2.84369e+064	3.33021e+064	2.5518e+064	4.08954e+064	2.7993e+064
115	3.59224e+064	3.30609e+064	2.96806e+064	2.14156e+064	2.6034e+064	3.19869e+064	3.42095e+064	2.87626e+064	4.27764e+064	2.62792e+064
116	3.51677e+064	3.3258e+064	3.04176e+064	1.98026e+064	2.39027e+064	2.92654e+064	3.51924e+064	3.01257e+064	4.50399e+064	2.92144e+064
117	4.00794e+064	2.98748e+064	2.78224e+064	1.84292e+064	2.76997e+064	3.19463e+064	3.15251e+064	3.08853e+064	4.33675e+064	3.23371e+064
118	3.83941e+064	2.7234e+064	2.83566e+064	1.72635e+064	3.42561e+064	2.9079e+064	3.49475e+064	2.80243e+064	3.89903e+064	3.1845e+064
119	3.84529e+064	3.01438e+064	2.43666e+064	1.81823e+064	3.37951e+064	3.00536e+064	3.46103e+064	2.85176e+064	4.01756e+064	3.20891e+064
120	3.5094e+064	2.99639e+064	2.48366e+064	1.72457e+064	3.35692e+064	3.34128e+064	3.4658e+064	3.17243e+064	3.95741e+064	3.26313e+064
121	3.49232e+064	2.6741e+064	2.58065e+064	1.6487e+064	3.66298e+064	3.33463e+064	3.81317e+064	3.4001e+064	3.89299e+064	3.21714e+064
122	3.19666e+064	2.30154e+064	2.79774e+064	1.7492e+064	3.37724e+064	2.80086e+064	3.49718e+064	3.94188e+064	4.1029e+064	2.89116e+064
123	2.9663e+064	2.8945e+064	2.79774e+064	1.8382e+064	3.42561e+064	2.81657e+064	3.4754e+064	3.79015e+064	3.93878e+064	2.62106e+064
124	3.3502e+064	2.96455e+064	2.77916e+064	1.73111e+064	3.16842e+064	2.82608e+064	3.13872e+064	3.68178e+064	3.5642e+064	3.27376e+064
125	2.99104e+064	3.01619e+064	2.86478e+064	2.00078e+064	2.85338e+064	2.58464e+064	3.14462e+064	3.53161e+064	3.88696e+064	2.95235e+064
126	2.97862e+064	3.29092e+064	3.23997e+064	1.9124e+064	2.86314e+064	2.92484e+064	2.87133e+064	3.45151e+064	4.18496e+064	3.35244e+064
127	2.73676e+064	3.30609e+064	2.91296e+064	1.78781e+064	2.97685e+064	2.66416e+064	2.93853e+064	3.15846e+064	4.47988e+064	3.73102e+064
128	2.78533e+064	2.99282e+064	2.65151e+064	2.05481e+064	3.39321e+064	2.35883e+064	2.9857e+064	3.48989e+064	4.26674e+064	3.36141e+064
129	2.57009e+064	3.22955e+064	2.37557e+064	2.3522e+064	3.33242e+064	2.23595e+064	3.3192e+064	3.25045e+064	4.33675e+064	2.94543e+064
130	3.1845e+064	3.31482e+064	2.46416e+064	2.12885e+064	3.52418e+064	2.22506e+064	3.42561e+064	2.83726e+064	4.36312e+064	2.65993e+064
131	2.91466e+064	3.2695e+064	2.74574e+064	2.21622e+064	3.49232e+064	2.26827e+064	3.43264e+064	2.85825e+064	3.64702e+064	2.469e+064
132	3.2759e+064	2.88618e+064	2.97862e+064	2.4414e+064	3.43264e+064	2.3164e+064	3.41629e+064	2.90454e+064	3.62334e+064	2.46658e+064
133	3.30827e+064	2.65571e+064	3.3502e+064	2.50721e+064	3.2759e+064	2.42489e+064	3.98251e+064	2.6741e+064	3.49962e+064	2.24595e+064
134	3.2695e+064	2.63067e+064	3.34351e+064	2.52486e+064	2.95409e+064	3.06778e+064	3.90813e+064	3.35244e+064	3.17042e+064	2.09335e+064
135	3.00716e+064	2.42958e+064	3.36141e+064	2.32929e+064	2.71898e+064	3.40241e+064	3.88997e+064	3.5341e+064	3.41629e+064	1.97249e+064
136	3.05286e+064	2.70143e+064	3.69805e+064	2.19779e+064	2.79774e+064	3.64967e+064	3.72825e+064	3.55411e+064	3.37724e+064	1.85517e+064
137	2.93853e+064	2.58331e+064	3.34128e+064	2.25503e+064	3.44441e+064	3.30174e+064	3.73102e+064	3.2759e+064	4.06307e+064	1.93898e+064
138	3.31045e+064	2.39597e+064	3.3727e+064	2.06156e+064	3.84824e+064	3.99201e+064	3.27376e+064	2.95062e+064	3.62073e+064	1.84971e+064
139	3.2695e+064	3.02527e+064	3.44441e+064	1.94574e+064	4.2886e+064	4.33675e+064	3.04545e+064	2.96106e+064	3.63909e+064	1.78147e+064
140	2.7993e+064	2.65431e+064	3.61032e+064	2.54276e+064	3.83355e+064	4.44027e+064	3.018e+064	2.70434e+064	3.24835e+064	1.69432e+064
141	3.36141e+064	2.45452e+064	3.44914e+064	2.36438e+064	3.81028e+064	3.96992e+064	3.05657e+064	2.66558e+064	3.49475e+064	1.59326e+064
142	3.70897e+064	2.80713e+064	3.34351e+064	2.71898e+064	3.81607e+064	3.79588e+064	2.77609e+064	2.74724e+064	3.73935e+064	1.5353e+064
143	3.37497e+064	2.80399e+064	3.04361e+064	2.75326e+064	3.35916e+064	4.11298e+064	2.84853e+064	2.57668e+064	3.34128e+064	1.79355e+064
144	3.33684e+064	2.89617e+064	2.99104e+064	2.51475e+064	3.96365e+064	3.99519e+064	3.18046e+064	2.66983e+064	3.3978e+064	1.72398e+064
145	3.41862e+064	2.87133e+064	2.81974e+064	2.33145e+064	4.39751e+064	4.43244e+064	3.4658e+064	3.00716e+064	2.9663e+064	1.62945e+064
146	3.35468e+064	2.97509e+064	2.404e+064	2.33905e+064	4.20247e+064	4.31439e+064	3.30609e+064	3.03992e+064	3.05657e+064	1.70931e+064
147	3.0603e+064	2.78379e+064	2.52995e+064	2.47753e+064	3.94188e+064	4.178e+064	3.06403e+064	2.79152e+064	3.32359e+064	1.78844e+064
148	2.87133e+064	2.6007e+064	2.42958e+064	2.48858e+064	4.03694e+064	4.01114e+064	2.9946e+064	2.80086e+064	2.8895e+064	2.26622e+064
149	2.68123e+064	2.9946e+064	2.31747e+064	2.5518e+064	4.11298e+064	3.65499e+064	3.22955e+064	2.64035e+064	2.63619e+064	2.29838e+064
150	2.4812e+064	3.31701e+064	2.1665e+064	2.50721e+064	4.15724e+064	3.3258e+064	3.30392e+064	2.6238e+064	2.38572e+064	2.17683e+064
151	2.49476e+064	3.88696e+064	2.61288e+064	2.57009e+064	4.10626e+064	3.5094e+064	2.92825e+064	2.64592e+064	2.19108e+064	2.67837e+064
152	2.3522e+064	3.30174e+064	2.61696e+064	2.83566e+064	3.95741e+064	3.13676e+064	2.63481e+064	2.96981e+064	2.29418e+064	3.07341e+064
153	2.24495e+064	3.22126e+064	2.64731e+064	2.51853e+064	4.18147e+064	2.86478e+064	2.62243e+064	3.24206e+064	2.11184e+064	2.75175e+064
154	2.54405e+064	2.93167e+064	2.65712e+064	3.03992e+064	3.64967e+064	2.86969e+064	2.9079e+064	3.19463e+064	1.97559e+064	3.06403e+064
155	3.14462e+064	2.70871e+064	2.48981e+064	2.77609e+064	3.24415e+064	3.17644e+064	3.00896e+064	4.21305e+064	1.86274e+064	3.10957e+064
156	3.2254e+064	2.44377e+064	2.48488e+064	2.51853e+064	3.54658e+064	2.90959e+064	2.6841e+064	4.05323e+064	1.74555e+064	3.46341e+064
157	2.98926e+064	3.11922e+064	2.79152e+064	2.32283e+064	3.5217e+064	2.75025e+064	2.4063e+064	4.24869e+064	1.67678e+064	3.22747e+064
158	3.26101e+064	3.13089e+064	2.74724e+064	2.46053e+064	3.16643e+064	2.79308e+064	2.48735e+064	4.18147e+064	1.59275e+064	3.18652e+064
159	3.33463e+064	3.23579e+064	2.49973e+064	2.24094e+064	3.12505e+064	2.82768e+064	2.80243e+064	4.40909e+064	1.64009e+064	3.20073e+064
160	3.31263e+064	3.49962e+064	2.49848e+064	2.56222e+064	3.43499e+064	3.06965e+064	2.51979e+064	3.80739e+064	1.55719e+064	2.84047e+064
161	2.96806e+064	3.20687e+064	2.8087e+064	2.62929e+064	3.33242e+064	2.79774e+064	2.40977e+064	3.67639e+064	1.81036e+064	3.20073e+064
162	2.69563e+064	2.72488e+064	3.19463e+064	2.79463e+064	2.96981e+064	2.557e+064	2.21916e+064	3.98884e+064	2.089e+064	3.06403e+064
163	2.52613e+064	2.75628e+064	2.86314e+064	2.86151e+064	3.56673e+064	2.37894e+064	2.33579e+064	4.32554e+064	1.94725e+064	3.37951e+064
164	2.34014e+064	2.70725e+064	3.21097e+064	3.40934e+064	3.54908e+064	2.19779e+064	2.98216e+064	4.23436e+064	1.79805e+064	2.99104e+064
165	2.69129e+064	2.55051e+064	2.96106e+064	3.63909e+064	4.2886e+064	1.95864e+064	2.67125e+064	3.48263e+064	1.9037e+064	2.75477e+064
166	2.70434e+064	2.81499e+064	2.66983e+064	3.63646e+064	3.69533e+064	2.05313e+064	2.6798e+064	3.42795e+064	1.97792e+064	2.90286e+064
167	2.89784e+064	2.5714e+064	3.0473e+064	3.91423e+064	3.27804e+064	1.93078e+064	2.3533e+064	3.11342e+064	2.21134e+064	3.14462e+064
168	2.56222e+064	2.65571e+064	3.56926e+064	3.40471e+064	2.90622e+064	2.00717e+064	2.62517e+064	3.05657e+064	2.72192e+064	2.89116e+064
169	2.578e+064	2.6798e+064	3.48989e+064	3.06403e+064	2.95583e+064	1.90876e+064	2.91466e+064	2.88287e+064	2.73676e+064	2.89283e+064
170	2.29943e+064	2.4063e+064	3.75895e+064	2.80243e+064	3.23997e+064	2.42022e+064	2.85663e+064	3.14265e+064	2.49352e+064	2.84691e+064
171	2.14338e+064	2.21916e+064	3.35468e+064	3.12505e+064	3.18652e+064	2.72636e+064	2.58597e+064	3.16244e+064	2.80556e+064	3.21097e+064
172	1.97948e+064	2.07604e+064	3.60513e+064	2.95409e+064	2.92654e+064	2.79463e+064	2.52486e+064	2.84208e+064	2.89283e+064	3.51431e+064
173	2.04394e+064	2.13882e+064	3.86304e+064	2.82927e+064	2.91635e+064	2.99282e+064	2.29522e+064	2.52995e+064	2.88287e+064	3.13285e+064
174	2.81342e+064	2.02661e+064	3.67102e+064	2.85663e+064	2.92484e+064	2.85663e+064	2.34124e+064	2.58464e+064	3.15846e+064	3.03075e+064
175	2.78842e+064	2.08293e+064	3.26313e+064	2.61152e+064	2.94715e+064	3.18248e+064	2.38572e+064	2.89617e+064	3.20073e+064	3.02163e+064
176	2.7993e+064	1.98105e+064	3.89299e+064	2.4144e+064	2.97157e+064	3.1845e+064	2.22802e+064	3.08095e+064	3.19869e+064	3.24206e+064
177	2.59398e+064	1.84834e+064	3.35244e+064	2.43194e+064	2.73081e+064	3.43734e+064	2.77456e+064	2.81027e+064	3.21508e+064	2.86151e+064
178	2.65852e+064	1.7329e+064	3.33684e+064	2.49973e+064	3.38863e+064	3.43264e+064	2.61833e+064	2.5274e+064	3.58967e+064	2.64174e+064
179	2.4063e+064	1.79355e+064	3.28877e+064	2.51223e+064	3.71172e+064	3.41165e+064	2.98926e+064	2.56222e+064	3.14856e+064	2.94025e+064
180	2.25807e+064	1.883e+064	3.33906e+064	2.33688e+064	3.15251e+064	3.38406e+064	2.90959e+064	2.59398e+064	3.14856e+064	2.68985e+064
181	2.07776e+064	2.13973e+064	3.35468e+064	2.59532e+064	3.27804e+064	3.08663e+064	2.87461e+064	2.62792e+064	3.42328e+064	3.02163e+064
182	2.137e+064	2.00878e+064	3.17243e+064	2.90959e+064	3.29308e+064	2.73229e+064	2.75477e+064	2.41789e+064	3.32359e+064	2.99282e+064
183	2.6741e+064	2.09161e+064	3.07718e+064	2.65291e+064	3.02345e+064	2.50596e+064	3.018e+064	2.47022e+064	3.65765e+064	2.95409e+064
184	2.70434e+064	1.93078e+064	3.12699e+064	2.69418e+064	3.41862e+064	2.62243e+064	2.85663e+064	2.30682e+064	4.43635e+064	2.67837e+064
185	2.50721e+064	1.98653e+064	3.85119e+064	2.37332e+064	3.80163e+064	2.37444e+064	2.95409e+064	2.13973e+064	3.97306e+064	2.68841e+064
186	2.90622e+064	2.00078e+064	4.28494e+064	2.24897e+064	3.48747e+064	2.14797e+064	2.90118e+064	2.14064e+064	3.66834e+064	2.45212e+064
187	2.85338e+064	2.0624e+064	4.32182e+064	3.13285e+064	2.99997e+064	2.21916e+064	2.56615e+064	2.20358e+064	3.6312e+064	2.52868e+064
188	3.28877e+064	2.13518e+064	3.84529e+064	3.35468e+064	3.27163e+064	2.30894e+064	2.3812e+064	2.07862e+064	3.60255e+064	2.88618e+064
189	3.3955e+064	1.95483e+064	3.79588e+064	3.25467e+064	2.99997e+064	2.1443e+064	2.12345e+064	2.51223e+064	3.57434e+064	2.54405e+064
190	3.43029e+064	2.00078e+064	3.57944e+064	2.99282e+064	3.50695e+064	2.43194e+064	2.43784e+064	2.36105e+064	3.11729e+064	2.5325e+064
191	2.99639e+064	1.87596e+064	3.00716e+064	2.86641e+064	3.73102e+064	2.77763e+064	2.45572e+064	2.60475e+064	2.81184e+064	2.30894e+064
192	2.9857e+064	2.19299e+064	2.71457e+064	2.88784e+064	3.95741e+064	3.08853e+064	2.49352e+064	2.94197e+064	3.30174e+064	2.35994e+064
193	2.73825e+064	2.02907e+064	2.76235e+064	2.82449e+064	3.45864e+064	2.68123e+064	2.24595e+064	3.12505e+064	3.23997e+064	2.41905e+064
194	2.74724e+064	2.33579e+064	2.71164e+064	2.85988e+064	3.15647e+064	2.45212e+064	2.2652e+064	3.43734e+064	3.58199e+064	2.21329e+064
195	2.5274e+064	2.68123e+064	2.41672e+064	3.20687e+064	3.40241e+064	2.45933e+064	2.15073e+064	4.16414e+064	3.48747e+064	2.27856e+064
196	3.1038e+064	2.8895e+064	2.24796e+064	3.07529e+064	3.04545e+064	2.20745e+064	2.2601e+064	4.02078e+064	3.13089e+064	2.2765e+064
197	2.73229e+064	2.8453e+064	2.3132e+064	3.04361e+064	3.04915e+064	2.05902e+064	3.03258e+064	3.36592e+064	3.12116e+064	2.50471e+064
198	2.46416e+064	2.53123e+064	2.38799e+064	3.05286e+064	3.01981e+064	2.34342e+064	2.76235e+064	3.3727e+064	3.17845e+064	3.73657e+064
199	2.26316e+064	2.37108e+064	2.16744e+064	2.77763e+064	3.05286e+064	2.42489e+064	3.1231e+064	3.55159e+064	3.36818e+064	3.48505e+064